-0.37423	-0.35178	0.85802
-0.16735	0.77765	0.60601
-0.192	-0.97991	0.054051
-0.18455	-0.27156	0.94456
0.71071	-0.13068	0.69124
0.4839	0.87341	0.054748
0.5341	-0.067645	0.84271
0.9755	-0.17959	0.12704
-0.042005	-0.057534	0.99746
-0.39832	-0.91645	0.038186
0.40022	-0.65439	0.64156
0.445	0.38397	0.80904
-0.69349	-0.068602	0.71719
-0.60059	-0.29114	0.74467
-0.7442	-0.66659	0.042785
0.6966	0.41181	0.5875
-0.14882	0.17149	0.97388
0.14446	-0.73398	0.66363
-0.25189	-0.37003	0.89422
0.83495	0.44759	0.3202
0.90789	-0.19995	0.36846
0.45908	-0.43433	0.77499
-0.73319	0.40341	0.54744
0.12061	-0.57222	0.81119
-0.79806	0.28638	0.53018
0.50401	0.71823	0.47971
-0.9203	0.31605	0.23054
0.94474	-0.082213	0.31735
0.36547	-0.85318	0.37217
0.74052	-0.67202	0.0044693
0.27114	0.29224	0.9171
-0.79351	0.54967	0.26118
0.22309	0.88876	0.40041
0.15096	0.96937	0.19375
-0.65255	0.15811	0.74107
0.53267	-0.5145	0.67198
-0.27817	0.62372	0.73047
-0.46906	0.6716	0.57353
-0.73533	0.67641	0.04187
-0.74073	0.18409	0.64609
-0.3501	0.82058	0.45175
0.62819	-0.759	0.17113
-0.22064	0.056514	0.97372
-0.26948	0.41001	0.87136
-0.59966	-0.096326	0.79444
-0.31454	-0.46326	0.82853
0.86865	0.13893	0.47555
-0.18298	-0.96084	0.20811
0.034293	-0.87246	0.48748
0.059714	-0.95785	0.28099
0.0088743	0.9353	0.35374
-0.64769	-0.72045	0.24788
-0.2337	0.87512	0.42372
0.76515	0.51356	0.38834
-0.2442	0.28896	0.92567
-0.85156	-0.29377	0.43421
0.1481	-0.1698	0.97429
-0.043012	0.39406	0.91808
-0.49061	-0.32548	0.80831
-0.085923	0.95918	0.26943
0.066461	-0.66515	0.74375
0.98683	-0.16174	0.0030637
0.98038	0.16835	0.10249
0.93753	-0.2976	0.18018
-0.80865	0.38264	0.44685
-0.36317	0.74237	0.56302
-0.97919	-0.16797	0.11388
-0.54195	-0.58687	0.60156
-0.21402	-0.86654	0.4509
0.078816	0.8327	0.54809
-0.99598	-0.0883	0.015111
-0.37654	0.54903	0.74618
0.17487	-0.94022	0.29224
-0.041099	-0.81754	0.57441
-0.43657	0.82339	0.36255
-0.58981	0.79177	0.15883
-0.54389	-0.41	0.73218
-0.94804	0.11396	0.29705
0.23105	-0.95418	0.19013
0.27744	-0.70184	0.65609
-0.64002	0.66944	0.37711
-0.80528	-0.23056	0.54622
0.0034741	-0.38144	0.92439
0.26907	0.063701	0.96101
-0.25411	-0.90735	0.33489
0.46559	0.65599	0.59405
-0.56395	0.37582	0.73533
-0.29258	-0.92948	0.22465
0.0016127	0.49487	0.86897
-0.96275	-0.1329	0.23547
-0.0429	0.81881	0.57247
-0.68494	0.71126	0.15804
-0.55807	0.13031	0.8195
-0.18709	-0.66254	0.72528
0.57812	-0.64767	0.49628
-0.20431	0.92962	0.30671
0.01299	-0.74686	0.66486
0.4717	0.86289	0.18143
0.24556	0.92821	0.27951
-0.065993	-0.48308	0.87309
0.11293	0.68142	0.72313
-0.65422	0.50118	0.56641
0.29862	-0.82387	0.48172
-0.98218	0.076786	0.17154
0.42599	0.7998	0.4229
0.95775	-0.28217	0.055687
-0.10727	0.28135	0.95359
0.80312	0.57956	0.13825
0.98628	0.047053	0.15821
-0.55518	-0.7707	0.31272
0.066115	0.59079	0.80411
0.42325	0.57965	0.69632
0.831	0.057995	0.55325
-0.9593	0.1969	0.2024
0.55986	0.79352	0.2385
-0.2602	0.9616	0.087257
-0.73055	-0.65832	0.18143
-0.58855	-0.63975	0.49429
-0.24196	-0.15923	0.95713
0.18936	0.59597	0.78036
-0.54941	0.8345	0.041833
0.42094	-0.78401	0.45623
0.99741	0.064379	0.032022
-0.097074	-0.9875	0.1242
0.40206	-0.16619	0.9004
0.20526	-0.054563	0.97718
-0.7137	0.059275	0.69794
-0.6656	-0.73817	0.10991
-0.47334	0.57566	0.66676
0.44926	0.17239	0.87661
0.026934	-0.99803	0.056721
-0.11241	-0.16852	0.97927
0.92449	0.2526	0.28551
0.52774	-0.82305	0.20993
-0.42854	-0.62295	0.65444
-0.12538	-0.37996	0.91647
0.28152	0.75985	0.58598
-0.93125	-0.096663	0.35132
0.3949	0.74432	0.53855
0.16551	0.76439	0.62315
-0.056806	0.98823	0.14204
0.04785	0.75763	0.65093
-0.86446	0.43688	0.24869
0.72508	0.47838	0.4954
-0.37573	0.65303	0.65755
0.017461	-0.16861	0.98553
0.39101	0.28653	0.87465
0.49126	0.47441	0.73048
-0.096074	0.056459	0.99377
-0.91627	-0.21806	0.33601
-0.85736	0.043792	0.51285
0.86251	0.34493	0.37028
0.76638	-0.49626	0.4079
-0.29005	-0.79701	0.52976
0.80153	-0.59199	0.084264
0.24628	-0.55027	0.79784
-0.36762	-0.14098	0.91923
0.84762	-0.056114	0.52763
0.94798	0.27181	0.16568
0.905	0.031217	0.42426
0.30861	0.59276	0.74391
0.42714	-0.54534	0.72122
0.35297	-0.74628	0.56434
-0.84611	-0.44748	0.28958
0.901	-0.085399	0.42534
0.77314	-0.59824	0.21063
0.68529	-0.68168	0.25628
-0.29037	0.93175	0.218
0.23931	-0.88842	0.39171
0.37763	0.91921	0.11156
-0.016704	-0.92573	0.37781
-0.2965	-0.043781	0.95403
0.69486	-0.0018814	0.71914
-0.64973	0.27788	0.70755
0.96252	0.1493	0.22642
-0.95438	0.27816	0.10854
-0.30985	-0.64761	0.69613
0.79262	-0.27687	0.54323
-0.74072	-0.47471	0.47538
0.91128	-0.39717	0.10874
0.60392	0.030685	0.79645
0.85807	0.47636	0.19183
0.89794	0.36698	0.24295
-0.82881	0.17263	0.53223
0.5258	-0.1844	0.83038
0.62637	-0.10023	0.77306
0.63783	-0.67059	0.37879
-0.48301	-0.84194	0.24049
-0.37182	0.91968	0.1262
-0.82743	-0.10452	0.55176
-0.37766	-0.87618	0.29948
-0.025754	0.99963	0.0091395
0.65547	0.73693	0.16521
-0.45206	-0.81048	0.37252
-0.13018	-0.57767	0.80582
0.36005	0.90265	0.23577
0.37749	0.49228	0.78433
0.22466	-0.78414	0.57849
0.20636	0.39958	0.89317
-0.13778	0.48823	0.86177
0.56001	-0.40754	0.72132
0.3276	0.39647	0.85761
-0.37761	0.43928	0.81513
-0.79339	-0.55898	0.24097
0.56205	0.15243	0.81293
-0.3112	-0.25734	0.91484
-0.33449	-0.84499	0.41726
0.033645	0.9722	0.23172
0.79085	-0.15424	0.59225
0.637	-0.44647	0.6284
-0.86171	-0.47815	0.16982
-0.87518	-0.17766	0.45
0.53388	-0.73434	0.41919
0.80549	0.59253	0.0092592
-0.43235	-0.44109	0.78645
0.61205	-0.55166	0.56663
0.3651	-0.93045	0.030896
0.77534	-0.033267	0.63067
0.85374	-0.18473	0.48682
-0.24023	-0.7362	0.63268
-0.47633	0.46748	0.7447
0.3132	0.82276	0.47431
0.27444	-0.16663	0.94706
0.26913	-0.38523	0.8827
0.71984	-0.68177	0.13049
-0.0048126	-0.57935	0.81506
0.75467	0.31028	0.5781
0.34706	-0.92481	0.15578
-0.027601	0.17402	0.98436
-0.77743	-0.34865	0.52349
-0.88045	0.47268	0.0371
0.88806	0.22958	0.39829
-0.57847	-0.79643	0.17626
-0.54831	-0.20622	0.81045
0.57357	0.8116	0.11099
0.72064	-0.24474	0.64868
0.093454	0.17834	0.97952
0.90244	-0.30617	0.3031
-0.40607	0.87951	0.24814
0.26567	0.95173	0.1537
0.81398	-0.50556	0.2861
-0.84449	0.51404	0.15033
-0.7362	0.49429	0.46225
0.4987	0.055846	0.86498
-0.65147	0.5906	0.47621
0.3041	-0.90982	0.28242
-0.59846	-0.48026	0.64125
-0.29208	-0.95046	0.10635
-0.81743	-0.40709	0.40754
-0.88593	-0.055858	0.46045
-0.6497	0.39853	0.64736
0.33278	0.17987	0.92569
0.34151	-0.48222	0.80674
-0.52261	-0.73137	0.43815
0.10487	0.89329	0.43707
-0.25989	0.80503	0.53328
0.12864	0.93908	0.31872
0.65386	0.75589	0.033128
-0.98893	-0.045987	0.1411
0.70694	-0.47618	0.52295
-0.56511	0.59041	0.57625
0.72782	0.65081	0.21615
-0.96445	-0.0081594	0.26413
-0.80306	-0.58472	0.11491
0.71554	0.21856	0.6635
0.17696	0.98221	0.06288
0.021529	0.28913	0.95705
-0.72846	0.57696	0.36941
0.67803	-0.57819	0.45384
0.9954	-0.057015	0.076983
-0.90934	-0.3675	0.19506
0.63853	0.7121	0.29187
-0.15917	0.67914	0.71655
-0.48902	-0.52085	0.6997
-0.94295	-0.25266	0.21682
0.53495	0.76419	0.36034
-0.91781	0.22867	0.32455
0.7203	-0.36389	0.59055
-0.36785	0.20409	0.90721
0.91435	0.38766	0.11698
0.027843	0.058651	0.99789
0.61582	0.24428	0.74906
-0.75031	-0.15967	0.64151
0.46941	-0.70282	0.53451
0.6319	0.52518	0.56999
0.6542	-0.75508	0.043266
-0.6467	0.76153	0.042906
0.85354	-0.29897	0.42671
-0.54181	0.75122	0.37699
0.1495	0.062212	0.9868
0.50696	-0.611	0.608
0.33854	0.87059	0.35702
0.23535	0.68369	0.69078
-0.91564	-0.396	0.06917
-0.77027	0.61864	0.15483
0.43383	-0.053196	0.89942
0.50691	0.26997	0.81863
0.78638	-0.39038	0.47875
0.73483	0.6728	0.085873
0.38572	-0.37286	0.84391
0.57134	0.62691	0.52967
0.29091	0.95648	0.022788
0.64373	-0.32665	0.69203
-0.17567	0.58635	0.79078
-0.86408	0.26063	0.43062
-0.091842	-0.8779	0.46996
-0.51791	0.81293	0.26629
-0.49683	-0.86159	0.10404
-0.69934	-0.42058	0.57796
0.53155	0.55696	0.63817
-0.44949	0.89277	0.030333
-0.43281	-0.23495	0.87033
-0.62672	0.029168	0.7787
-0.45538	0.10381	0.88423
0.12665	-0.98128	0.14505
0.53485	-0.31041	0.78586
-0.061442	0.58255	0.81047
-0.17513	0.96795	0.18002
-0.34401	0.075941	0.93589
0.32441	-0.60571	0.72655
-0.64806	-0.53641	0.54063
-0.3738	-0.54874	0.74777
0.45135	0.83919	0.30339
-0.79238	0.082735	0.60439
0.21422	0.17998	0.96006
-0.46901	0.22977	0.85278
0.92861	0.12642	0.34886
-0.26953	0.51502	0.8137
-0.074771	-0.96181	0.26332
0.97738	-0.072552	0.19865
-0.32239	0.88395	0.33866
-0.8713	0.35236	0.34157
-0.054953	-0.27701	0.9593
-0.71384	-0.62827	0.30936
0.061301	-0.48046	0.87487
-0.16235	0.38174	0.9099
0.59781	0.44718	0.66532
0.78916	0.55378	0.26561
-0.19182	-0.47741	0.85749
-0.071597	0.74139	0.66724
0.14797	0.2919	0.94493
0.060786	0.99289	0.1023
0.70723	0.61917	0.34125
0.24821	-0.96609	0.071199
-0.47852	-0.68385	0.55078
-0.77221	-0.5226	0.36136
0.45637	-0.88182	0.11883
0.67083	0.58376	0.4574
-0.2538	-0.56742	0.78334
-0.45558	0.7537	0.47369
0.13318	0.4994	0.85607
-0.40911	-0.77029	0.48917
0.25789	0.50017	0.82663
0.075183	-0.27524	0.95843
0.32316	-0.053834	0.94481
0.95583	0.29076	0.042935
0.798	0.1843	0.57379
0.41969	-0.8732	0.24774
-0.46821	0.34979	0.81144
0.84887	-0.50358	0.16074
-0.52882	0.0030609	0.84873
-0.64872	-0.36384	0.66842
0.62325	-0.221	0.75014
-0.92296	0.031024	0.38365
-0.66318	-0.19337	0.72305
0.87079	-0.49039	0.03518
-0.11518	-0.74638	0.65547
0.081977	0.39786	0.91378
-0.14293	0.98848	0.049817
0.55637	0.36162	0.74812
-0.41748	-0.021026	0.90844
-0.14141	-0.92431	0.35447
0.19567	-0.64808	0.73601
0.86636	0.49533	0.063866
0.73185	-0.59366	0.3346
-0.55815	0.67688	0.4799
0.82685	0.27549	0.49032
0.35313	0.675	0.64782
0.19731	0.83403	0.51523
-0.68665	-0.58636	0.42975
0.13361	-0.37686	0.91658
0.14427	-0.98947	0.011217
-0.98443	0.15876	0.075447
-0.77767	-0.032672	0.62783
0.19017	-0.47015	0.86186
-0.72573	0.29893	0.61964
-0.8938	0.13984	0.4261
-0.14055	0.85334	0.50206
-0.72313	-0.28076	0.63108
0.79547	0.39188	0.46222
-0.4866	-0.11579	0.86592
0.94914	-0.19251	0.24915
0.10947	-0.91167	0.39606
0.60807	0.67866	0.4119
-0.56682	0.49101	0.66153
-0.61944	0.73672	0.27119
-0.81379	0.57979	0.039914
0.95777	0.030195	0.28596
0.55919	-0.82505	0.081235
-0.26251	0.17397	0.94912
0.65995	0.33165	0.67415
-0.39931	-0.90152	0.16678
0.083692	-0.057	0.99486
-0.4844	0.86148	0.15236
-0.88767	-0.3345	0.31648
-0.36192	-0.71543	0.59764
-0.061112	-0.6685	0.7412
-0.95403	-0.28502	0.092697
0.090203	-0.80881	0.58112
0.58735	-0.75272	0.29736
0.44501	-0.27191	0.85325
0.6652	0.12586	0.73598
-0.80701	0.47014	0.35735
-0.71163	0.6497	0.26733
-0.11264	0.91376	0.39033
0.38528	0.064436	0.92055
0.48056	-0.80986	0.33643
0.841	-0.40533	0.35836
0.7535	0.092923	0.65084
-0.93417	0.35654	0.014442
-0.86434	-0.50067	0.047455
-0.58691	-0.8087	0.039293
-0.016206	0.66931	0.74281
0.011132	-0.98414	0.17707
-0.26514	0.71723	0.64442
-0.16867	-0.056736	0.98404
0.88275	-0.4077	0.23353
-0.99835	0.035868	0.044921
-0.62379	-0.68516	0.3761
-0.90759	0.39734	0.13562
0.20625	-0.27877	0.93795
0.3267	-0.27203	0.90513
-0.5635	0.25462	0.7859
-0.16635	-0.8131	0.55784
-0.016202	0.88362	0.46793
-0.36107	0.32209	0.87515
0.16824	-0.85407	0.49221
0.93103	0.2318	0.14266
0.18868	-0.067458	0.94908
0.46139	-0.11618	0.84529
0.14755	0.80753	0.51675
-0.6331	0.72723	0.10593
-0.16428	-0.93258	0.21026
-0.0082753	0.64272	0.72646
-0.79809	0.3414	0.4329
-0.26151	-0.48496	0.79833
-0.91313	-0.32552	0.033521
-0.288	-0.020904	0.92602
-0.68307	-0.026838	0.68818
0.66448	-0.43108	0.55995
-0.71908	-0.62593	0.17898
-0.69572	0.4626	0.49282
0.60257	0.11778	0.75095
-0.76478	0.49519	0.33286
0.499	-0.82683	0.090834
-0.3415	-0.58849	0.69134
-0.59898	0.41884	0.63772
-0.85966	-0.096419	0.43885
0.28509	-0.86393	0.33653
0.14175	0.57265	0.76999
-0.35317	-0.77993	0.45594
0.0011017	-0.64961	0.72035
-0.35532	0.79273	0.43153
0.71803	0.07142	0.64826
-0.22523	-0.94254	0.042318
0.86849	0.39466	0.17567
0.14533	-0.24967	0.92598
0.10412	-0.8932	0.36367
-0.63294	-0.73075	0.079367
-0.31923	0.14946	0.90369
0.96205	0.054082	0.11151
-0.64433	0.6098	0.39229
-0.60193	0.25836	0.71543
-0.17294	-0.62739	0.71929
-0.51486	-0.71555	0.40474
0.77039	0.55902	0.18681
0.099742	-0.96074	0.08906
-0.0879	-0.74624	0.61343
0.59996	-0.20773	0.73334
-0.70767	-0.3151	0.5838
0.95998	-0.11942	0.07129
0.098986	-0.74693	0.6109
0.19849	-0.92511	0.2137
-0.43179	-0.66629	0.55723
0.92474	0.11089	0.27103
0.5764	0.51828	0.58314
-0.88263	-0.35034	0.1978
0.2975	0.62089	0.68329
-0.031545	0.96743	0.063063
0.78217	-0.51167	0.25942
-0.42019	-0.4287	0.76194
-0.49125	0.82599	0.13158
-0.83268	0.47414	0.15077
0.08405	-0.53379	0.80555
-0.89387	-0.20871	0.31359
0.63687	-0.73066	0.037926
0.39624	0.83774	0.28652
0.88861	-0.02108	0.38837
0.81404	0.02428	0.52692
-0.2535	0.87817	0.32474
-0.31395	0.61149	0.6844
-0.79781	0.02229	0.55127
0.0028755	-0.38481	0.8904
-0.57908	0.73106	0.26666
-0.23636	-0.19397	0.92055
-0.017306	0.19019	0.95101
0.036345	0.039861	0.9685
0.4406	-0.81862	0.27684
0.52343	-0.52419	0.62621
-0.76004	-0.60255	0.01274
0.85866	0.15881	0.42235
0.90766	0.34211	0.0043836
0.55339	0.38584	0.69698
-0.33403	0.31638	0.85395
0.009263	-0.94164	0.23267
-0.58415	-0.59512	0.49548
0.26732	-0.50697	0.78257
-0.069831	-0.24605	0.93567
-0.57137	0.56801	0.54019
-0.75926	-0.14165	0.58682
-0.39845	-0.13888	0.87341
0.16469	-0.39986	0.86827
-0.33224	-0.89318	0.18096
0.43655	0.51686	0.69511
0.64121	0.70456	0.18259
0.70722	-0.64385	0.16187
-0.58617	0.090864	0.76749
-0.49434	-0.52947	0.64513
0.59092	0.76901	0.018337
0.59887	-0.047364	0.76158
0.13272	0.42268	0.86292
-0.15346	0.70212	0.65144
0.46252	-0.27806	0.80601
-0.012576	0.76311	0.59867
0.16057	0.95165	0.097371
0.25257	-0.93631	0.020591
0.5443	0.73834	0.31542
-0.15515	0.092738	0.95301
0.27519	0.31924	0.87365
-0.44537	0.034322	0.86103
0.45662	-0.66264	0.54157
-0.4685	0.20605	0.82399
-0.83334	-0.48476	0.10705
-0.38398	-0.8906	0.017116
-0.26513	-0.71602	0.59827
-0.96019	0.13072	0.043003
-0.39048	0.88793	0.0037507
-0.93953	-0.1898	0.14887
0.42581	-0.44344	0.7503
0.73437	-0.47867	0.41529
0.4117	0.37264	0.79532
0.68122	0.61084	0.32204
-0.71348	0.30379	0.58272
-0.088455	-0.51452	0.81752
-0.43444	0.66114	0.56131
-0.80765	-0.25976	0.47024
0.93841	-0.066767	0.23627
0.57212	-0.36939	0.69075
-0.56828	-0.36342	0.69706
0.13216	0.25614	0.92619
-0.50852	0.71171	0.41926
-0.71114	0.61697	0.23353
-0.55123	-0.084065	0.79371
-0.75619	0.60239	0.078817
-0.63887	-0.20143	0.70154
-0.49255	-0.25405	0.79608
-0.71066	0.14066	0.64505
0.71981	0.64837	0.048927
-0.17954	-0.81887	0.48797
-0.17012	0.56868	0.76718
0.79464	0.33724	0.4424
0.68711	0.38019	0.56942
0.70571	-0.26881	0.60878
0.49403	0.23628	0.80063
0.66425	-0.62544	0.32938
0.33528	-0.0030494	0.91021
0.78668	-0.31946	0.46903
0.34505	0.89778	0.12579
-0.81192	0.18307	0.49816
0.44579	0.6406	0.57603
0.29961	0.73647	0.55565
0.87697	0.28271	0.30316
0.57282	0.63682	0.45523
0.31035	-0.18346	0.90051
0.58164	-0.74501	0.21806
0.52808	-0.71525	0.38788
-0.063373	-0.96569	0.065825
-0.46379	0.52164	0.67356
0.64957	0.25321	0.67443
-0.49482	-0.82312	0.13614
-0.43115	-0.81606	0.29841
-0.82538	-0.36649	0.35402
0.28434	0.48368	0.79127
0.84396	-0.3596	0.31515
-0.33835	-0.31376	0.85321
0.91892	-0.2351	0.20302
0.3489	0.17643	0.88772
-0.42857	0.82168	0.28648
0.19698	0.10859	0.94356
-0.22046	0.94416	0.029434
0.79478	0.45517	0.31943
-0.26246	-0.86942	0.34077
0.36641	-0.59432	0.67337
0.81111	-0.14972	0.51047
-0.019199	0.50493	0.828
-0.32572	0.89837	0.16657
0.92523	-0.28934	0.033659
-0.12032	-0.068486	0.96007
0.28458	-0.71786	0.58702
-0.88548	0.062781	0.39101
0.23135	0.90901	0.24713
-0.96459	-0.028326	0.098337
-0.9151	0.28639	0.14654
0.50216	0.81513	0.15588
0.71889	-0.098968	0.64367
0.60506	-0.58295	0.48474
0.47323	0.060713	0.84455
0.037383	-0.12936	0.96061
0.19518	-0.81771	0.4839
0.0079235	-0.83335	0.49635
-0.32968	0.47125	0.78111
-0.66845	-0.60867	0.35155
-0.18084	0.42082	0.85505
0.11131	0.89398	0.35959
0.80823	-0.52879	0.089687
-0.17662	-0.36686	0.88041
-0.78325	-0.50383	0.27124
-0.085049	0.90811	0.33015
-0.1732	0.82459	0.48058
-0.93101	-0.047021	0.26814
0.18702	-0.63794	0.70637
0.37304	-0.77618	0.44641
-0.28347	0.73548	0.56534
0.87818	-0.19415	0.36332
-0.15291	0.94027	0.18278
-0.85473	0.3697	0.27138
-0.1804	0.26074	0.91672
0.69624	0.50179	0.45206
0.87427	-0.39399	0.14603
-0.58915	-0.7285	0.25116
-0.47589	0.36996	0.75997
-0.88477	0.21842	0.33223
-0.012015	0.85154	0.46436
0.83532	0.49126	0.04245
-0.024698	0.35251	0.90334
0.76721	0.20988	0.55519
0.27635	0.83636	0.40624
-0.08547	-0.89407	0.36639
0.35392	-0.89045	0.15078
0.038497	0.94509	0.21501
0.42945	0.75013	0.4402
-0.72746	-0.46348	0.44372
0.31636	-0.34152	0.85099
0.14629	0.70223	0.65297
-0.63241	-0.45949	0.57431
-0.93935	0.11766	0.21137
0.96358	0.35717	0.069659
0.23995	0.090743	0.99754
0.52942	0.051478	0.88202
0.088411	0.93734	0.41771
-0.74192	0.71351	0.036728
-0.067108	-0.96076	0.36516
-0.051234	0.78076	0.66985
-0.86365	0.34233	0.44476
-0.19647	-0.41383	0.92252
-0.92851	-0.427	0.12822
-0.26915	0.088282	0.99028
-0.69411	0.0068301	0.76096
0.76718	-0.30053	0.61807
-0.85687	-0.56985	0.044001
-0.68659	-0.7001	0.31521
-0.76629	0.4884	0.48493
0.65035	0.29627	0.74174
-0.84834	0.49158	0.31556
0.61784	-0.80163	0.19121
0.65951	-0.79117	0.00064025
-0.27374	-0.54623	0.82922
-0.65438	0.47404	0.63873
-0.88202	-0.12108	0.51796
0.40459	-0.82498	0.46542
0.11616	0.72899	0.71832
0.5103	-0.89202	0.069285
-0.27408	-0.78305	0.61042
0.095545	-0.57153	0.85154
-0.44404	0.85873	0.3554
0.77355	0.2439	0.63485
-0.13635	-1.0025	0.19322
0.88143	0.52628	0.08369
0.21268	-0.10773	1.002
0.21756	-0.86965	0.50722
-0.58803	-0.81611	0.22156
-0.321	0.26008	0.94351
1.0141	0.16963	0.061313
-0.7312	0.63248	0.35527
-0.63772	0.31747	0.74392
-0.090628	-0.56586	0.85585
-0.45344	-0.73955	0.5553
0.7608	0.69012	0.076301
0.21039	-0.98198	0.22879
0.0080342	-0.69761	0.75774
0.68149	-0.047256	0.77086
-0.69319	-0.31294	0.69459
1.0289	-0.018172	0.044481
0.20536	-0.68001	0.74587
0.31528	-0.91611	0.34961
-0.36557	-0.65681	0.70418
0.9743	0.24928	0.22247
0.57429	0.68755	0.50829
-0.62957	-0.81396	0.044772
-0.88786	-0.42526	0.30292
0.27244	0.78204	0.61244
0.88939	-0.41819	0.30822
-0.37128	-0.3763	0.884
-0.60171	0.83491	0.04219
-0.92424	0.43543	0.13071
0.17386	-0.42925	0.92001
-0.91066	-0.26081	0.40446
-0.15922	-1.0174	0.019159
0.75135	-0.69513	0.11472
0.33967	0.95929	0.15903
0.95429	0.12518	0.36681
0.87564	0.18598	0.50948
-0.34936	0.9423	0.22567
-0.37219	0.71117	0.64545
-0.82532	0.026204	0.61567
0.07534	-0.26875	0.99146
-0.67961	0.74706	0.20234
-0.19647	-0.088467	1.0072
-0.0048253	0.34002	0.97225
0.068393	0.19071	1.0099
0.56188	-0.77096	0.38834
0.63047	-0.40214	0.7083
-0.7382	-0.70469	0.13919
0.90479	0.31552	0.37776
0.56807	0.56375	0.64837
-0.35609	0.4258	0.86764
0.1179	-0.9495	0.38139
-0.53619	-0.60685	0.63651
0.36372	-0.38629	0.88283
-0.014554	-0.12403	1.0224
-0.6445	0.61825	0.51311
0.021368	-1.029	0.039686
-0.76597	-0.13615	0.67503
-0.37513	-0.054123	0.95773
0.24702	-0.27162	0.96234
-0.24969	-0.94073	0.33701
0.43072	0.68888	0.6331
0.6088	0.82886	0.057061
0.82081	-0.57865	0.22877
-0.60147	0.1516	0.82228
-0.44302	-0.5067	0.77967
0.66433	0.12469	0.77719
0.12581	0.5851	0.83829
-0.2135	0.81713	0.5896
0.5464	-0.1237	0.86432
-0.073065	0.88713	0.51823
0.36676	-0.9514	0.14567
0.50759	0.87444	0.19651
-0.13997	0.22455	0.99543
0.28761	0.49273	0.85756
-0.44349	0.12056	0.92178
0.57161	-0.56641	0.64291
-0.48743	0.29239	0.85896
-0.82475	-0.57461	0.22474
-0.31039	-0.9678	0.16708
-0.18285	-0.686	0.74623
-1.0263	0.047132	0.073956
-0.9667	-0.27032	0.23092
0.52321	-0.30879	0.83175
0.84093	-0.36505	0.46956
0.42333	0.55052	0.76068
0.66592	0.75572	0.21525
-0.76502	0.33393	0.60344
-0.0099176	-0.42456	0.93838
-0.50903	0.73258	0.51488
-0.80866	-0.28209	0.57218
1.0064	0.059529	0.2112
0.66774	-0.2256	0.75109
-0.53687	-0.33255	0.81368
0.14512	0.42027	0.92909
-0.59764	0.75677	0.36196
0.20376	-1.008	0.057346
-0.80812	0.60947	0.19076
-0.54509	-0.024018	0.87361
-0.85961	0.56648	0.032591
-0.62845	-0.16944	0.79828
-0.46502	-0.19566	0.89798
-0.74253	0.17287	0.69258
-0.99338	-0.26814	0.046911
-0.08546	-0.80162	0.6411
-0.21284	0.69319	0.73149
0.81896	0.49884	0.37598
0.70535	0.55208	0.50851
0.79523	-0.11928	0.64364
0.52492	0.41686	0.78204
0.77941	-0.53855	0.40421
0.38655	0.16698	0.94
0.88116	-0.18515	0.50017
-0.85916	0.18507	0.53712
0.42314	0.80141	0.48948
0.2579	0.88404	0.46137
0.90676	0.42911	0.23354
0.55341	0.79205	0.35679
0.37902	-0.025755	0.95738
0.70093	-0.68864	0.30882
0.64722	-0.63737	0.48556
0.037851	-1.007	0.21323
-0.52127	0.60052	0.65464
0.68289	0.43121	0.63923
-0.43037	-0.89042	0.2878
-0.35815	-0.85231	0.45408
-0.82017	-0.41299	0.46655
0.27691	0.65335	0.74656
0.94047	-0.24451	0.3415
-0.29384	-0.23414	0.95903
1.0025	-0.12356	0.20181
0.3811	0.35278	0.8895
-0.52959	0.85992	0.20244
0.22984	0.27497	0.96564
0.80226	0.6038	0.22956
-0.17286	-0.8849	0.49796
0.47377	-0.48417	0.7759
0.89042	0.0011402	0.51773
-0.044562	0.65071	0.79717
-0.43336	0.93246	0.060141
1.0089	-0.20511	0.031473
-0.085838	0.060387	1.0246
0.39741	-0.63459	0.70729
-0.92786	0.035745	0.44576
0.1566	1.0115	0.11547
-1.0121	-0.11144	0.15552
-0.9915	0.23008	0.15777
0.44929	0.92663	0.019793
0.79236	0.065005	0.65485
0.71789	-0.47669	0.56418
0.52312	0.23766	0.85484
0.087161	0.012554	1.0262
0.30995	-0.7635	0.61798
0.11432	-0.79674	0.64268
-0.3705	0.57736	0.7683
-0.62885	-0.65108	0.49147
-0.20537	0.55059	0.84592
0.035412	1.0006	0.24179
0.91272	-0.45897	0.13111
-0.11646	-0.26943	0.98729
-0.76404	-0.56491	0.39752
-0.17447	0.9913	0.21858
-0.25337	0.91766	0.39321
-0.96864	-0.10215	0.33497
0.29013	-0.54282	0.82588
0.49203	-0.70787	0.56367
-0.35736	0.8261	0.50076
0.96076	-0.060728	0.36627
-0.25475	0.99604	0.06244
-0.93218	0.34204	0.27377
-0.47617	-0.90754	0.10264
-0.18574	0.39238	0.93405
0.69794	0.66263	0.36702
0.97014	-0.30285	0.16734
-0.53595	-0.7836	0.39954
-0.51489	0.45356	0.76816
-0.94569	0.18986	0.36127
-0.086602	0.95956	0.3642
-0.031536	0.50198	0.89884
0.8075	0.37975	0.51442
0.85392	-0.57566	0.018213
0.21745	0.96382	0.29098
0.017546	-0.88913	0.51965
0.47352	-0.87373	0.27071
-0.052004	1.0251	0.086068
0.38947	0.89401	0.33161
-0.70331	-0.49122	0.57005
0.40038	-0.19798	0.92812
0.10306	0.84748	0.57625
-0.59874	-0.45793	0.70193
-0.99692	0.060822	0.25171
