0.55501	-0.77125	0.31166
0.27803	0.9365	0.21371
0.42551	0.83998	0.33671
0.53825	-0.46347	0.70391
-0.070125	0.26037	0.96296
0.45091	-0.60943	0.65214
0.48521	0.2211	0.84598
0.22219	0.7988	0.55907
-0.82011	0.49551	0.28615
0.96097	-0.27415	0.037138
-0.72352	0.65662	0.21302
0.87419	0.35408	0.33229
-0.28814	0.95749	0.013973
-0.37696	0.13045	0.917
0.12142	0.55308	0.82423
-0.10684	0.86285	0.49404
-0.36438	-0.64631	0.67046
0.57337	0.3548	0.73849
0.016831	-0.68066	0.7324
0.12195	0.24538	0.96173
0.38533	-0.45003	0.8056
0.066801	-0.97207	0.22497
-0.26665	-0.7763	0.57119
-0.5291	0.38332	0.75705
0.34927	0.93698	0.0088598
0.61727	-0.56031	0.5523
0.89324	0.046159	0.44721
0.028841	-0.41296	0.91029
0.7707	0.42024	0.47898
-0.85976	-0.028144	0.50992
0.6982	-0.39556	0.5967
0.69654	-0.68756	0.20517
-0.95964	-0.24075	0.14538
0.97898	0.20308	0.018745
0.94696	-0.22801	0.22645
0.8249	-0.071754	0.56071
0.17795	0.98222	0.059767
-0.58178	0.72987	0.3589
-0.24447	0.26024	0.93408
0.56378	-0.81542	0.13135
-0.73721	-0.39691	0.5468
-0.3553	0.49954	0.79008
-0.61788	0.77546	0.12995
-0.18793	0.089522	0.97809
-0.91381	-0.16294	0.37202
-0.19985	0.42622	0.88227
-0.10977	-0.9857	0.12783
0.40174	0.38864	0.8292
-0.96739	0.24617	0.059671
-0.90937	0.37535	0.17933
-0.80842	-0.20054	0.55339
0.40868	-0.88327	0.2298
-0.91085	-0.40714	0.067695
0.79763	0.51936	0.30669
-0.077572	-0.54494	0.83488
0.03773	0.79668	0.60322
-0.064225	0.94613	0.31735
-0.57378	-0.71178	0.40515
0.40737	-0.91193	0.049343
0.068698	-0.81977	0.56855
0.78781	0.11864	0.60438
-0.34811	0.66905	0.65665
0.56364	0.72377	0.39809
-0.18882	-0.65645	0.73036
-0.70604	-0.64222	0.29843
0.39524	-0.82425	0.40546
0.47812	0.51986	0.70792
0.52938	0.63403	0.5637
-0.83514	0.54079	0.10043
-0.40511	0.82559	0.3928
-0.15432	0.74872	0.64468
0.24203	-0.96074	0.13568
-0.60154	-0.13742	0.78694
0.8125	-0.57562	0.092247
0.81311	-0.28094	0.50983
0.076036	0.89222	0.44515
-0.9364	0.03925	0.34874
-0.82533	-0.56463	0.0057895
-0.60354	-0.4552	0.65462
-0.27906	-0.95943	0.040277
0.78513	0.61018	0.10606
0.064666	-0.91423	0.40001
0.51673	-0.70347	0.48797
0.066566	-0.086023	0.99407
0.21857	-0.42454	0.87863
-0.77525	0.1044	0.62297
-0.44937	-0.49422	0.74419
-0.10707	-0.87451	0.47305
0.10904	0.95798	0.2653
-0.46011	0.88599	0.0576
-0.16701	0.9723	0.16349
-0.3618	-0.35687	0.86125
0.94172	0.28741	0.17483
0.25429	0.88269	0.3952
-0.0093989	0.67654	0.73635
-0.28784	0.79805	0.5294
-0.27599	-0.51639	0.81066
0.69615	-0.71759	0.02093
0.84542	0.23823	0.47803
0.18764	-0.71921	0.66897
0.37739	0.067385	0.9236
-0.84821	-0.31926	0.42264
-0.73904	-0.075925	0.66937
-0.53287	-0.32225	0.78243
-0.4426	-0.88651	0.13491
0.86992	-0.35399	0.3434
0.43265	-0.10762	0.89512
0.17887	0.68806	0.70327
0.30279	0.54492	0.78191
-0.31982	-0.048372	0.94624
0.61428	-0.30148	0.72923
-0.4911	0.55187	0.67399
0.67064	0.73968	0.055824
0.98466	0.081168	0.15443
-0.66572	-0.56524	0.48715
-0.82494	-0.53208	0.19068
0.53049	0.84767	0.0059704
0.02414	0.40354	0.91464
0.67094	-0.63418	0.38425
0.99079	-0.098168	0.093232
-0.66374	0.24492	0.70672
-0.52777	0.19572	0.82653
-0.99636	-0.079226	0.031509
0.89777	-0.40864	0.16437
-0.68258	-0.27058	0.67887
-0.5878	-0.77846	0.22021
0.76188	-0.47294	0.44257
-0.28064	-0.87065	0.40399
0.59238	-0.12808	0.79541
0.95759	-0.040818	0.28522
0.93382	0.16474	0.31757
0.72335	0.30321	0.62034
-0.21172	0.61111	0.7627
-0.75496	0.4519	0.4752
-0.39078	0.33015	0.85924
-0.12459	-0.079839	0.98899
0.64928	0.17846	0.73931
-0.78928	-0.48926	0.37101
-0.70056	0.60159	0.38381
-0.33521	0.91953	0.20517
-0.2836	-0.93194	0.22596
-0.056664	-0.24923	0.96678
0.31138	-0.26803	0.9117
0.0050292	0.99357	0.11307
0.25492	-0.095131	0.96227
0.89957	-0.16126	0.40592
0.54854	0.047512	0.83478
-0.89656	-0.36048	0.25737
0.70301	-0.0036247	0.71117
-0.73245	0.68059	0.017895
-0.65005	0.42638	0.62899
-0.095538	-0.77393	0.62602
0.12242	-0.56395	0.81668
-0.98639	0.081827	0.14264
-0.16919	-0.39039	0.90497
0.06721	-0.99679	0.043422
0.47061	-0.28821	0.83394
0.35887	0.6682	0.65171
0.0016456	0.087154	0.99619
-0.8633	0.33372	0.37862
-0.94048	0.21001	0.26719
0.80039	-0.53387	0.27268
0.87602	0.45938	0.14685
0.34767	-0.73691	0.57973
0.30822	0.23887	0.92084
-0.6453	0.058848	0.76166
0.67826	0.58297	0.44734
0.3987	0.76747	0.50202
0.1935	0.076523	0.97811
-0.4735	0.70867	0.52305
-0.067779	0.53713	0.84077
-0.71941	-0.68503	0.11481
-0.87098	0.16411	0.4631
0.69962	0.6636	0.2649
-0.49539	0.83528	0.23853
0.58093	0.78552	0.21325
-0.97127	-0.084721	0.22239
-0.43753	-0.18365	0.88025
0.44004	0.88372	0.15938
0.13185	-0.25816	0.95706
-0.77534	0.28815	0.56197
-0.42647	-0.7557	0.49704
0.29301	-0.59478	0.74858
0.2393	-0.91848	0.31484
0.63656	0.47759	0.60556
-0.49859	-0.0012771	0.86684
-0.58644	-0.80931	0.033297
0.2279	-0.84277	0.48765
0.21786	0.40191	0.88939
-0.52347	-0.61662	0.58801
-0.60646	0.58714	0.53616
-0.25119	-0.22248	0.94202
-0.44159	-0.83827	0.31984
0.73181	-0.18856	0.6549
-0.23689	0.90198	0.361
-0.11147	-0.94571	0.30528
0.0286	-0.88991	0.44414
0.59	0.7559	0.2656
0.36472	0.62238	0.6853
0.37861	0.90304	0.17666
0.35579	-0.68621	0.62654
0.42319	-0.3036	0.8478
0.28746	0.39129	0.86849
-0.3313	0.84616	0.40532
0.31553	-0.074839	0.94067
0.012204	0.37293	0.92239
-0.42651	0.5224	0.73159
-0.82345	-0.46059	0.31594
0.16317	0.91968	0.34291
0.87867	0.30875	0.3502
0.28696	-0.8467	0.43679
0.82838	-0.4849	0.26208
-0.73774	0.66288	0.079691
0.42583	0.17021	0.88302
0.51577	0.41717	0.74161
0.45896	-0.85294	0.22776
-0.60756	-0.2519	0.74662
0.16326	-0.31548	0.92943
-0.48331	-0.79153	0.36044
-0.036674	0.73012	0.67498
-0.94318	0.21595	0.23195
0.56794	0.62456	0.52668
-0.86891	0.45771	0.15975
0.64116	0.18275	0.73861
0.88154	0.44061	0.13701
0.11268	-0.7391	0.65655
0.67547	-0.69468	0.22627
-0.093134	0.96126	0.23944
0.96684	0.11328	0.20594
0.79057	-0.60408	0.010345
0.0091891	-0.56075	0.82188
0.1903	0.78749	0.57764
-0.073994	0.87276	0.47206
-0.36876	0.11978	0.91635
-0.15745	0.5525	0.81239
0.14133	0.98148	0.08211
-0.87925	-0.21994	0.41058
-0.77524	-0.090144	0.61717
-0.56052	0.779	0.26268
-0.094219	-0.34741	0.92761
0.74546	0.65429	0.078848
-0.82927	0.35215	0.4223
-0.29154	0.71778	0.62435
-0.61514	0.041218	0.78098
0.81736	-0.28337	0.49157
-0.10315	0.1423	0.97935
0.13218	0.58076	0.79704
-0.74847	0.20095	0.62404
-0.1372	-0.75602	0.63217
0.26495	-0.51967	0.80608
-0.19678	-0.1111	0.969
0.75644	-0.061618	0.64345
-0.35004	-0.35463	0.86124
-0.73101	-0.37688	0.56001
-0.99206	0.071622	0.026543
0.39826	0.80196	0.43389
-0.39226	-0.70165	0.58639
0.92187	-0.3735	0.026103
-0.53665	0.29359	0.78475
-0.93219	-0.32492	0.12442
-0.96637	-0.081181	0.22264
-0.54375	-0.82576	0.11171
-0.83304	-0.54367	0.022194
0.056685	-0.084733	0.98976
0.7501	0.5561	0.3437
-0.27399	0.3481	0.89094
-0.88969	0.067231	0.44041
0.8161	0.16755	0.544
-0.63301	-0.60404	0.47377
0.70012	-0.51404	0.48541
0.92854	-0.24311	0.26217
-0.34511	0.91859	0.16467
-0.24672	-0.56863	0.77834
-0.23538	-0.87364	0.41397
0.6491	-0.2915	0.6955
0.19815	-0.95097	0.21545
-0.72446	0.58525	0.35022
-0.52747	0.67258	0.50936
0.90772	-0.030909	0.40634
-0.51156	-0.49526	0.69502
-0.066167	-0.97112	0.20633
0.5212	-0.50534	0.68044
0.17085	0.16005	0.96707
-0.43926	-0.12047	0.88463
0.53801	-0.7087	0.44533
0.71049	0.40669	0.56554
-0.6536	0.45607	0.59568
0.9877	-0.10129	0.064847
-0.7075	-0.66446	0.21901
-0.31647	-0.92894	0.16413
0.55531	-0.063948	0.82314
0.13346	-0.81966	0.56602
0.52527	0.84649	0.13254
-0.34966	-0.94163	0.032992
0.32658	0.75206	0.58118
0.2951	0.96012	0.033255
0.44769	-0.5597	0.70451
0.48422	-0.14086	0.86932
0.27846	0.54084	0.79998
0.45115	-0.8915	0.10823
-0.40452	0.86856	0.30331
0.35612	0.089847	0.93548
0.0056485	0.50405	0.86944
-0.45651	0.58381	0.67882
0.17661	-0.9828	0.11371
-0.77	-0.49175	0.4187
0.082625	0.97991	0.2073
0.86319	0.44098	0.26547
0.38836	-0.75309	0.54042
0.8898	-0.36636	0.28994
-0.80522	0.60095	0.022602
0.44024	0.33604	0.83863
0.5009	0.57022	0.65877
0.55473	-0.77277	0.32425
-0.55972	-0.20199	0.8099
-0.092181	-0.99719	0.084514
0.22708	-0.16579	0.96487
-0.39346	-0.78243	0.49298
-0.08781	0.81961	0.57494
-0.96135	0.15826	0.24653
0.52515	0.75094	0.41272
-0.91358	0.39567	0.13731
0.65041	0.3484	0.68236
0.8456	0.54206	0.033969
0.20984	-0.63121	0.75337
0.75617	-0.59484	0.29052
-0.18249	0.98212	0.11027
0.96662	0.23422	0.14425
0.85538	-0.52453	0.056709
0.093455	-0.43994	0.89874
0.13111	0.88443	0.45893
-0.14651	0.92906	0.35412
-0.35166	0.21494	0.9166
-0.18657	0.65093	0.74263
-0.84714	-0.24403	0.48252
-0.74883	-0.075431	0.66603
-0.63278	0.75952	0.18095
-0.028384	-0.22234	0.97969
-0.60739	-0.79903	0.051543
-0.85427	0.33185	0.41245
-0.34426	0.77583	0.53814
-0.59576	0.093953	0.80391
0.86612	-0.13406	0.49183
-0.085027	0.27164	0.96385
0.10097	0.70444	0.70964
-0.75108	0.21785	0.63122
-0.040259	-0.67533	0.74319
0.34567	-0.37695	0.86513
-0.15385	0.0090175	0.99311
0.78765	0.10255	0.61572
-0.28684	-0.26336	0.92649
-0.67738	-0.36479	0.64661
-1.0028	-0.019381	0.063614
0.3337	0.89811	0.30341
-0.30348	-0.65203	0.70199
0.96452	-0.28026	0.034226
-0.54227	0.35316	0.76893
-0.89935	-0.39441	0.21363
-0.95497	-0.14103	0.27957
-0.45908	-0.85776	0.25203
-0.78113	-0.6173	0.13713
0.098774	0.062362	0.99819
0.70887	0.67401	0.23073
-0.28036	0.4476	0.85503
-0.88561	0.045082	0.47296
0.82111	0.32214	0.4817
-0.55893	-0.59388	0.58731
0.77142	-0.3757	0.52325
0.96601	-0.11614	0.25172
-0.43379	0.90498	0.053416
-0.16426	-0.47837	0.86845
-0.13434	-0.8329	0.54612
0.70479	-0.12905	0.70473
0.30224	-0.89694	0.33791
-0.77495	0.56356	0.3031
-0.58054	0.69196	0.44067
0.92853	0.11368	0.36733
-0.44048	-0.44245	0.78755
0.038471	-0.94346	0.34413
0.59739	-0.35623	0.72543
0.18798	0.31364	0.93612
0.67066	-0.74522	0.069889
-0.3993	-0.035437	0.92159
0.62689	-0.59061	0.5179
0.69162	0.5532	0.47504
-0.68249	0.47676	0.56297
1.0045	0.0024847	0.032041
-0.63622	-0.69748	0.34463
-0.21862	-0.93134	0.30797
0.59191	0.10674	0.80516
