0.84858	-0.52883	0.015818
-0.026314	-0.81696	0.57609
-0.22628	0.24571	0.94256
-0.31853	-0.85822	0.40248
0.42824	-0.072107	0.90079
-0.27389	0.62282	0.73286
-0.14201	-0.18226	0.97294
0.21472	-0.59376	0.77546
0.79982	-0.26571	0.53822
0.49467	-0.25848	0.82975
0.20057	0.95329	0.22583
0.60215	0.2928	0.74276
0.68483	0.71667	0.13191
-0.58811	-0.38664	0.71038
0.39541	-0.58959	0.70429
-0.83279	0.095217	0.54534
0.80388	-0.44672	0.39272
-0.22669	0.43976	0.86903
-0.073078	0.73025	0.67926
0.47578	0.63201	0.61171
-0.93433	-0.20897	0.28873
0.19708	-0.77702	0.59783
0.11692	0.67783	0.72586
0.1537	-0.41917	0.89481
0.71825	-0.69448	0.042566
-0.6987	0.027112	0.7149
-0.21383	-0.51227	0.83178
0.29785	-0.25574	0.91972
-0.7205	0.22863	0.65468
0.7673	-0.07993	0.63629
0.53573	0.10511	0.83782
0.44261	0.77278	0.45486
-0.10049	0.85837	0.5031
0.23103	-0.94013	0.25055
0.74803	0.29568	0.59416
-0.97505	0.17244	0.13976
0.8343	0.10752	0.54073
-0.90266	-0.067728	0.42498
0.70095	0.10805	0.70498
0.05234	0.92529	0.37563
0.30635	0.59987	0.73913
-0.71024	-0.65952	0.24615
-0.70575	0.42353	0.56792
0.61345	-0.080864	0.78558
-0.52533	-0.045038	0.8497
-0.64478	-0.17416	0.74426
0.39752	0.87783	0.26721
-0.47412	-0.25889	0.84154
-0.44231	-0.72892	0.52253
0.93337	0.10853	0.34212
0.14664	0.11197	0.98283
-0.070978	-0.37221	0.92543
-0.41028	0.29752	0.86206
-0.52443	-0.78257	0.33549
-0.067462	-0.99637	0.051966
-0.92574	0.13623	0.35277
-0.84579	-0.30819	0.4355
0.35702	-0.42883	0.82984
-0.43999	0.89745	0.03138
-0.40577	0.48564	0.77428
-0.34612	-0.63522	0.69043
-0.62964	-0.64145	0.43828
0.99288	-0.11851	0.012094
0.33831	0.93887	0.063809
0.47752	0.46437	0.74588
0.95134	0.24407	0.18809
0.28866	0.74931	0.596
0.095918	0.82012	0.56409
-0.82726	-0.55044	0.11248
0.67842	-0.6138	0.40374
0.74332	0.60093	0.29389
-0.1114	-0.90336	0.41416
-0.99986	-0.012238	0.011828
0.8962	-0.261	0.35875
0.22672	-0.075169	0.97106
0.77219	-0.59631	0.2194
-0.26642	-0.96329	0.032925
-0.52079	0.7599	0.38901
0.059685	-0.69667	0.7149
0.13529	-0.98838	0.069262
0.02024	-0.96724	0.25305
0.25251	0.87108	0.42127
0.29471	0.43073	0.85301
0.54311	-0.43598	0.7176
0.62053	0.63339	0.46235
-0.89805	-0.38742	0.20837
-0.032163	0.3794	0.92468
0.92892	0.36913	0.029286
0.57637	0.7606	0.29881
0.1711	0.30216	0.93778
-0.79512	-0.49886	0.34485
0.31473	-0.8525	0.41736
-0.41171	-0.46107	0.78607
0.99276	0.06741	0.099369
-0.70338	-0.47619	0.52774
0.0058125	-0.040863	0.99915
0.33892	0.12051	0.93306
0.83598	0.53759	0.11014
0.69327	-0.44461	0.56719
0.96477	-0.065659	0.25477
0.081524	-0.23552	0.96845
0.52241	0.84693	0.098968
0.62351	-0.74676	0.23147
-0.01237	0.98262	0.18522
-0.79018	0.48134	0.37938
0.956	-0.2429	0.16449
-0.56609	0.15703	0.80925
0.63273	0.47523	0.6114
-0.25745	0.76377	0.59193
0.51477	-0.75347	0.40902
0.88204	-0.42774	0.19757
-0.72189	-0.69194	0.0092523
-0.57642	0.79382	0.19387
-0.28335	-0.32574	0.902
0.66515	-0.26525	0.69801
-0.080546	0.57493	0.81423
-0.22818	0.96345	0.14034
-0.83419	0.29155	0.46812
-0.57755	0.35275	0.73621
-0.93308	0.35596	0.051513
0.4232	0.2827	0.8608
-0.74	-0.296	0.60397
-0.84191	0.50974	0.17705
-0.59627	-0.7902	0.14159
-0.44071	0.68986	0.57434
-0.0012955	-0.5442	0.83895
0.13619	0.99038	0.024393
-0.19315	0.031095	0.98068
-0.39091	-0.89388	0.21946
0.86982	0.41688	0.26387
-0.73961	0.66764	0.084999
-0.45663	-0.88906	0.032491
-0.8004	-0.11006	0.58928
-0.6365	0.60844	0.47399
-0.14405	-0.67595	0.72274
-0.53545	-0.56881	0.6243
0.1104	0.51178	0.85199
-0.19045	-0.9542	0.23074
0.38254	-0.72836	0.56846
0.43912	-0.86495	0.24297
-0.97568	-0.019004	0.21835
-0.39494	0.88778	0.23636
0.88604	-0.075726	0.45738
-0.34118	-0.11774	0.9326
-0.0389	0.18267	0.9824
-0.23598	-0.78519	0.57252
0.86433	0.28189	0.41651
0.54641	-0.83549	0.058186
-0.54349	0.53904	0.64347
-0.33328	0.84233	0.42355
-0.90493	0.33064	0.26792
-0.70176	0.65244	0.28611
-0.97421	-0.20825	0.086918
0.76269	0.46435	0.45021
-0.38395	0.095335	0.91842
0.10978	-0.89458	0.43321
0.55897	-0.60275	0.56942
-0.16967	0.92961	0.32718
0.3471	-0.93533	0.068445
0.3072	-0.73634	0.59452
0.31077	0.091269	0.94081
0.062617	0.99303	0.00052448
0.51364	0.26608	0.80957
-0.80178	0.44878	0.38179
-0.29893	-0.70646	0.6337
0.88387	0.11721	0.44166
-0.65268	-0.2954	0.69049
0.55221	-0.055447	0.82584
0.85539	0.38512	0.33168
0.75958	-0.64239	0.020013
-0.4546	-0.78867	0.40171
-0.47575	0.39659	0.77872
0.2596	0.93012	0.23982
-0.62475	0.70653	0.31706
-0.61216	0.53885	0.57002
0.72005	0.11389	0.67718
-0.32646	-0.92514	0.16602
0.0876	-0.35982	0.92352
-0.16601	-0.89361	0.40487
0.29887	-0.9389	0.13844
0.53353	0.8119	0.2149
0.4924	0.53772	0.67707
0.23812	0.65228	0.71264
-0.78706	-0.39831	0.46034
0.9752	0.085835	0.17788
0.87667	-0.43087	0.18928
0.26979	0.39694	0.87159
-0.84084	-0.52475	0.087456
0.38085	-0.47466	0.7872
-0.70607	-0.6241	0.31936
-0.007299	-0.9814	0.16378
-0.27789	0.58901	0.75224
-0.01366	-0.78119	0.6161
-0.45835	-0.15852	0.8688
-0.19263	-0.26729	0.93887
-0.7953	0.58674	0.11518
-0.48412	0.12358	0.86045
-0.87099	0.16749	0.45095
-0.96861	0.0087869	0.22745
-0.41199	0.72907	0.53735
-0.85968	-0.11986	0.48642
-0.050379	0.96118	0.25224
-0.0032069	0.49098	0.86542
0.13592	0.85666	0.48753
0.33537	-0.21246	0.91237
0.68824	-0.65006	0.30622
-0.14408	-0.54448	0.82025
0.45309	-0.81056	0.35739
0.60626	-0.32283	0.7199
-0.92088	-0.29659	0.23247
0.55428	-0.82348	0.068402
-0.70353	0.26602	0.65139
-0.37729	0.88068	0.26847
0.77436	-0.41347	0.46844
0.97421	-0.19967	0.032684
-0.70112	-0.012845	0.7059
-0.40864	-0.44289	0.79176
0.92382	-0.17109	0.32758
-0.25258	0.96203	0.026856
0.15263	-0.89923	0.39764
-0.56527	-0.57434	0.58364
0.13306	-0.60385	0.77954
0.71359	0.37958	0.58029
0.92884	0.35105	0.063583
-0.2322	0.31172	0.91594
0.40946	0.76781	0.48253
-0.56405	0.81809	0.050951
-0.9325	0.30147	0.17199
0.55986	-0.59151	0.57157
-0.037431	0.71896	0.68682
-0.21803	0.024194	0.97052
0.041999	0.21198	0.97125
0.65425	0.62043	0.42077
0.06147	-0.078777	0.98997
0.78996	-0.14676	0.5869
0.76945	0.61172	0.15417
-0.5894	-0.79121	0.12895
-0.17078	0.85488	0.47962
0.40286	-0.6188	0.68178
0.33458	0.25475	0.91279
0.51629	0.42933	0.74775
-0.83778	0.42487	0.35726
-0.97034	-0.25474	0.059786
-0.20766	-0.64118	0.74551
-0.3774	-0.93115	0.023464
0.89081	0.26388	0.3832
-0.60254	-0.2576	0.76198
0.58802	0.11529	0.80682
0.83148	0.51214	0.23746
0.82844	-0.56423	0.073156
-0.36352	-0.77095	0.53246
-0.49169	0.46063	0.74571
-0.084787	-0.99875	0.073033
0.17497	0.98476	0.098254
-0.68815	0.68903	0.2484
-0.65008	0.55944	0.52388
0.73453	0.2786	0.62679
-0.22897	-0.92824	0.3098
0.15536	-0.21796	0.9687
-0.062959	-0.84748	0.53651
0.3996	-0.88633	0.2545
0.46119	0.88962	0.076777
0.46309	0.67877	0.57865
0.19733	0.77367	0.61034
-0.73488	-0.40568	0.55263
0.97685	0.20369	0.11962
-0.64778	-0.76804	0.022929
0.9304	-0.31837	0.2074
0.26025	0.54522	0.80314
-0.78867	-0.5899	0.2001
0.45691	-0.32381	0.83451
-0.63548	-0.64285	0.43925
0.097207	-0.95417	0.30024
-0.31326	0.66721	0.68317
0.085827	-0.69091	0.72477
-0.41517	-0.077398	0.91196
-0.13494	-0.15035	0.98449
-0.85416	0.52474	0.071367
-0.4698	0.19976	0.86568
-0.87658	0.14816	0.46869
-0.96615	-0.051009	0.272
-0.46931	0.76318	0.45533
-0.83504	-0.13172	0.54349
-0.13911	0.98794	0.12105
-0.023658	0.61195	0.79686
0.066481	0.93523	0.36186
0.38898	-0.049288	0.92536
0.76719	-0.5378	0.36362
-0.062194	-0.43858	0.90211
0.54891	-0.71264	0.44819
0.66573	-0.16083	0.7355
-0.88721	-0.34971	0.31714
0.64213	-0.75713	0.15638
-0.71158	0.29079	0.64739
-0.4588	0.879	0.16394
0.83527	-0.27094	0.48881
0.99978	-0.10132	0.014194
0.25063	-0.97274	0.031235
-0.67919	0.021236	0.74046
-0.33913	-0.36671	0.87209
0.9562	-0.03557	0.30732
0.25742	-0.82376	0.51496
-0.49019	-0.54217	0.68977
0.2208	-0.47709	0.85654
0.69797	0.52862	0.49339
-0.23388	0.41893	0.88308
0.35002	0.87213	0.35623
-0.96127	0.23584	0.17424
0.64125	-0.45386	0.62676
-0.087046	0.81012	0.58835
-0.1888	0.14188	0.97686
0.053459	0.35366	0.9392
0.6087	0.73992	0.30336
0.10299	0.068775	0.99734
0.82801	0.012921	0.56944
0.71632	0.70416	0.032689
-0.50783	-0.82525	0.26663
-0.24167	0.90313	0.36875
