0.57173	0.37503	0.72971
-0.3275	0.02743	0.94445
-0.41139	-0.83753	0.3596
0.97585	0.15509	0.15386
0.66782	0.27634	0.69113
0.40097	0.85064	0.34005
0.13736	-0.17292	0.97531
0.6333	-0.57274	0.52048
-0.41357	-0.49608	0.76346
0.52648	0.59503	0.60725
0.34931	-0.28441	0.8928
0.54612	-0.37298	0.75009
0.74934	0.32182	0.57872
-0.01742	0.86729	0.4975
0.37736	0.50603	0.77558
-0.42676	-0.68985	0.5848
-0.42937	0.5111	0.74459
-0.92967	-0.0081524	0.36831
0.55726	-0.68363	0.47128
-0.096109	0.34596	0.93331
-0.97469	0.21406	0.064467
-0.37099	0.63086	0.68145
0.54877	-0.12654	0.82634
0.82268	-0.17168	0.54196
-0.44315	-0.87059	0.21374
-0.28957	-0.71759	0.63341
0.24742	0.10864	0.9628
0.27286	-0.41459	0.86814
-0.61254	-0.52707	0.58906
-0.47715	0.38198	0.79147
0.87167	0.38174	0.30736
-0.86495	0.22698	0.4476
-0.50657	0.58421	0.6341
-0.036377	0.089737	0.9953
-0.045431	0.472	0.88043
0.69452	0.58191	0.42312
-0.99103	-0.062824	0.11793
0.19172	0.72015	0.6668
0.38333	0.11716	0.91615
-0.68546	0.57841	0.44225
-0.17323	-0.93363	0.31357
-0.27937	-0.86866	0.40912
0.41627	-0.14845	0.89704
-0.72548	-0.071967	0.68447
-0.20093	-0.9641	0.1736
-0.29865	0.74054	0.602
0.12496	0.88186	0.45466
0.67667	0.73264	0.073141
0.74839	-0.60443	0.27308
-0.5146	-0.21851	0.82912
0.24216	0.50154	0.83055
-0.19598	0.44687	0.87287
-0.81264	0.54192	0.21432
0.74997	0.17256	0.63857
-0.48851	-0.5785	0.65322
-0.74149	0.45227	0.49562
-0.48169	0.75996	0.43638
-0.5655	0.64891	0.50904
-0.16721	0.75115	0.6386
0.51064	0.49658	0.70189
0.4146	-0.39639	0.81914
0.71613	0.040529	0.69679
-0.57842	-0.81574	0.00033703
0.77759	-0.065954	0.62531
0.43528	0.87809	0.19871
0.9001	0.40393	0.16328
0.3476	-0.91501	0.20478
0.10695	0.099345	0.98929
0.27876	-0.16201	0.9466
0.98671	0.16239	0.0051879
0.40515	0.61479	0.67667
-0.20779	-0.63325	0.74553
-0.64567	0.013687	0.76349
0.059946	-0.30844	0.94935
-0.38749	-0.27184	0.88088
-0.74212	0.65369	0.14813
0.050019	0.36094	0.93125
0.1815	-0.98325	0.016771
-0.37967	0.8554	0.35233
-0.25403	0.86827	0.42611
0.26335	0.87775	0.40025
0.32178	-0.94484	0.061053
0.74978	-0.65189	0.11349
0.88815	0.10587	0.44718
0.10238	0.48814	0.86674
-0.83472	0.36945	0.40835
0.18984	-0.53523	0.8231
-0.75123	-0.64173	0.15439
-0.3827	0.28959	0.87731
-0.16704	0.83303	0.5274
-0.006298	-0.18166	0.98334
-0.80443	0.011812	0.59393
0.35819	-0.7927	0.49328
0.81786	-0.48019	0.31706
-0.80406	0.16685	0.57066
0.4495	0.70525	0.54824
-0.54912	0.097548	0.83003
-0.70397	-0.24266	0.66748
-0.22537	-0.058903	0.97249
0.33679	-0.52	0.78497
-0.9362	0.35023	0.029353
-0.92676	-0.30486	0.21947
-0.94553	-0.31915	0.064083
0.21639	0.97613	0.018623
0.013822	-0.73931	0.67323
-0.82078	0.56811	0.059748
0.082323	-0.81939	0.56729
-0.052443	-0.64671	0.76093
-0.56054	0.81397	0.15246
-0.35913	-0.78672	0.50209
0.94339	0.13361	0.30358
0.65827	-0.75068	0.056261
-0.89421	-0.28113	0.34837
-0.5484	0.83619	0.0068023
-0.18148	0.077219	0.98036
-0.63523	0.17968	0.75113
-0.54486	-0.45257	0.70591
0.20006	-0.032229	0.97925
-0.8692	0.41491	0.26897
-0.64638	0.72714	0.2312
0.82443	-0.54029	0.1685
0.93328	0.27063	0.23611
-0.14234	-0.88241	0.44843
-0.89021	-0.43082	0.14804
0.82683	0.5134	0.22973
0.72609	-0.20637	0.6559
-0.24341	0.31615	0.91695
0.70616	-0.44899	0.54749
0.14945	0.23777	0.95976
-0.23361	0.9252	0.29904
0.49568	0.76334	0.41427
-0.15078	-0.18812	0.9705
-0.93303	0.31497	0.17392
0.79193	0.48676	0.36865
-0.96937	-0.1992	0.14369
0.91029	0.41371	0.01473
0.25115	-0.86864	0.42708
0.63685	0.53836	0.5519
-0.78238	0.31507	0.53723
0.32538	0.38148	0.86522
0.45892	0.88689	0.05316
-0.28517	0.17664	0.94206
-0.56093	0.45941	0.6887
0.6688	-0.71154	0.21545
0.63915	0.14681	0.75494
0.23305	0.811	0.53662
0.16426	-0.7307	0.66264
-0.71856	-0.62327	0.30857
0.57743	0.65977	0.48091
-0.63414	-0.1583	0.75684
0.11964	-0.90262	0.41347
0.97599	0.021446	0.21676
0.73884	0.45016	0.50147
-0.43907	0.69782	0.56591
-0.14382	-0.72996	0.66819
0.65691	-0.65514	0.37316
-0.353	-0.61344	0.70646
-0.86481	-0.071305	0.49701
0.32243	0.72095	0.61341
-0.99293	0.075655	0.09148
-0.72272	0.62231	0.30069
-0.22139	-0.80762	0.54657
-0.66143	0.74657	0.071633
0.66357	-0.34578	0.66341
0.97501	-0.21624	0.05088
0.76389	-0.31556	0.56293
-0.17512	0.98453	0.0050946
0.62358	0.69882	0.35043
-0.081367	0.6777	0.73082
0.36386	0.79984	0.47735
-0.1964	0.96837	0.15393
-0.81237	-0.53665	0.22818
-0.26982	-0.52397	0.80787
-0.65006	-0.72385	0.23122
0.80012	-0.40907	0.43872
0.94343	-0.23836	0.23049
0.61328	-0.23734	0.75337
0.53444	0.79813	0.27815
0.59957	0.011802	0.80024
-0.11623	-0.54202	0.83229
-0.53332	0.78729	0.30944
-0.088784	-0.31459	0.94507
-0.55104	-0.071895	0.83137
-0.29082	0.54154	0.78877
-0.17927	-0.42701	0.8863
-0.22376	-0.97423	0.028276
-0.29892	-0.16867	0.93925
0.093583	-0.95788	0.27149
0.47385	-0.8433	0.25361
-0.03458	0.78622	0.61698
0.10093	-0.6434	0.75885
-0.56378	-0.81203	0.15084
-0.41899	0.1528	0.89504
-0.35195	0.79754	0.48996
-0.61472	0.69151	0.37939
0.20858	-0.96495	0.15927
0.59871	-0.47507	0.64486
0.44428	-0.70042	0.55859
-0.81731	-0.37779	0.43506
-0.41925	-0.12094	0.89978
-0.5547	-0.64539	0.52514
0.049415	0.97493	0.21696
0.52295	-0.59393	0.61137
-0.97159	0.025844	0.23526
-0.91011	-0.14958	0.38642
0.88761	-0.45579	0.066402
0.1451	0.60978	0.77918
0.95427	-0.11166	0.27732
-0.72244	-0.46038	0.51587
0.36833	-0.86296	0.34588
-0.61007	-0.69401	0.38231
0.037721	-0.54383	0.83835
-0.31231	-0.91134	0.26819
-0.025663	-0.43362	0.90073
-0.59413	-0.30937	0.7425
0.88769	-0.32316	0.32798
-0.71471	0.25264	0.6522
0.95372	0.28753	0.087987
-0.027411	-0.93637	0.34994
0.84864	-0.27641	0.451
0.19146	0.37231	0.90815
0.45352	-0.88489	0.10623
-0.87561	0.079188	0.47649
-0.95701	-0.12738	0.26059
-0.46281	-0.88416	0.063803
0.93718	-0.32645	0.12299
0.47115	-0.011058	0.88198
0.81788	0.064741	0.57173
0.32814	0.93795	0.11214
0.25256	-0.63232	0.73238
-0.51601	0.24415	0.82105
0.87	-0.046853	0.49081
-0.67934	0.39483	0.61855
0.12535	-0.42676	0.89563
0.20656	-0.29835	0.93184
-0.67092	-0.58503	0.45563
-0.13909	0.21329	0.96704
-0.83756	-0.54129	0.074161
-0.48939	-0.74861	0.4473
-0.66065	-0.39324	0.63946
-0.7865	0.50191	0.35986
0.51363	0.12384	0.84903
0.27778	0.61853	0.73503
0.65062	0.42573	0.62884
-0.33074	-0.40343	0.85314
-0.11601	0.90949	0.39921
-0.4528	0.012757	0.89152
0.059273	-0.041517	0.99738
-0.88455	0.44995	0.12293
0.54778	-0.83661	0.0044897
0.0064311	0.22737	0.97379
0.73013	-0.53959	0.41923
-0.24074	-0.30288	0.92212
0.89222	0.2437	0.38019
0.93046	-0.0039807	0.36638
0.67044	-0.097906	0.73548
-0.9832	-0.18252	0.0013394
-0.79087	-0.15575	0.59184
0.2318	-0.92634	0.29693
-0.67302	-0.73546	0.078394
0.39376	-0.6161	0.68218
-0.076565	-0.81257	0.57781
0.57477	-0.75598	0.31328
0.56255	0.81534	0.13693
-0.7284	0.097006	0.67825
0.33782	-0.022062	0.94095
0.022299	0.93254	0.36037
-0.92887	0.13505	0.3449
0.88483	-0.41209	0.21739
0.47407	-0.49965	0.72499
-0.7679	-0.64057	0.00053846
-0.4481	0.86324	0.23245
0.84523	0.52756	0.085244
0.45213	0.38408	0.80502
-0.62997	0.52695	0.57049
0.10014	0.80558	0.58397
-0.9083	0.27719	0.3133
0.76142	0.63169	0.14563
-0.96275	0.17264	0.20811
0.056873	0.70623	0.7057
0.42058	0.25313	0.87123
0.29919	0.91879	0.25751
-0.44016	0.89335	0.090439
0.28813	0.24686	0.92523
-0.060317	0.99179	0.11278
0.0068947	0.59001	0.80736
0.65649	0.72327	0.21424
-0.309	0.94972	0.050441
0.82764	0.21477	0.51855
-0.34027	0.4199	0.84136
0.81972	-0.57265	0.011832
-0.85864	-0.41833	0.29621
-0.082719	-0.050169	0.99531
-0.47131	-0.36529	0.80276
0.48636	-0.26383	0.83298
-0.23283	0.65255	0.72109
-0.76154	-0.32164	0.56268
-0.8429	-0.2343	0.48439
0.54701	0.25292	0.79801
-0.091337	0.96108	0.26072
0.98469	-0.10812	0.13675
-0.081661	-0.99352	0.079045
0.82382	0.34999	0.44591
0.078153	0.99455	0.069036
0.90413	-0.16333	0.39481
0.99717	0.028493	0.069584
-0.53584	-0.78907	0.30042
0.30937	-0.7198	0.62143
0.16057	0.93633	0.31225
0.473	-0.78059	0.4086
-0.0011474	-0.87945	0.47599
-0.05545	-0.97455	0.2172
-0.33751	-0.93334	0.12229
-0.773	-0.50899	0.37869
0.21617	-0.80925	0.54625
0.57174	-0.80536	0.15657
0.19013	0.96745	0.16699
0.73529	0.61358	0.28788
-0.60371	0.32456	0.72814
-0.14273	0.56725	0.81108
-0.32847	0.92347	0.19828
0.06681	-0.98922	0.13028
-0.080151	0.9818	0.098689
-0.091959	0.16406	0.97197
-0.47784	-0.77379	0.39118
0.56564	0.23039	0.77915
-0.29858	0.47003	0.81855
0.12853	-0.34753	0.91804
-0.14393	0.62159	0.75697
-0.86896	0.18779	0.4356
0.10347	0.96789	0.18053
-0.78591	0.37077	0.47431
-0.6656	-0.72954	0.069699
0.097965	0.18309	0.96798
-0.66546	0.074176	0.72922
0.042247	-0.95555	0.25542
0.81374	-0.034858	0.56278
-0.65005	-0.696	0.27042
-0.87952	-0.39958	0.21649
0.90148	0.11701	0.39211
0.71241	-0.68632	0.039168
-0.40616	0.2894	0.85521
-0.43636	-0.67416	0.57896
0.038823	-0.012774	0.98916
0.29462	0.94282	0.066269
-0.95475	-0.24267	0.098319
-0.55884	-0.50843	0.63976
-0.29923	-0.80621	0.4905
0.6774	-0.11671	0.71246
0.69591	0.30418	0.63505
0.058903	0.36548	0.91818
-0.096639	-0.8092	0.56209
0.80703	-0.47025	0.32813
-0.49634	0.099284	0.85082
0.50275	-0.66494	0.53403
0.8031	0.15994	0.55638
-0.84132	0.5048	0.13213
0.27885	0.91458	0.25667
-0.91614	-0.0034876	0.37521
-0.27383	-0.40839	0.85926
-0.81189	0.038346	0.56521
0.33986	0.82447	0.42994
-0.016998	0.84368	0.5177
-0.18433	0.7563	0.61166
-0.89047	-0.43232	0.016367
-0.30053	0.1278	0.93458
-0.74891	0.64716	0.020515
-0.33302	-0.88587	0.29058
-0.46039	-0.4108	0.7742
0.38368	-0.083719	0.90878
-0.022297	-0.20383	0.96853
-0.97375	-0.042036	0.1736
0.22243	0.64913	0.71362
-0.64814	0.419	0.62004
0.1886	-0.64183	0.72978
0.4136	0.14562	0.8876
-0.67246	0.55943	0.46361
-0.70173	-0.46977	0.51671
0.91376	0.2813	0.25692
-0.83288	-0.34639	0.40796
0.33224	-0.28675	0.88741
0.7122	-0.64477	0.23903
0.51923	-0.20738	0.817
0.63756	-0.32017	0.68637
0.73624	-0.41506	0.51553
0.54654	0.0070398	0.82544
-0.93192	0.32283	0.086038
0.26292	0.27959	0.91258
-0.22892	-0.70177	0.65971
0.9058	-0.084392	0.39052
-0.16653	-0.033481	0.97532
0.91265	-0.32156	0.2092
0.78111	-0.22558	0.56486
0.38371	0.70195	0.5832
-0.20387	0.86476	0.43672
0.98924	0.030966	0.023308
-0.60343	-0.63447	0.46198
-0.70149	0.65891	0.23206
0.40463	-0.86989	0.24427
-0.34007	0.62204	0.69102
0.68465	0.61113	0.37132
0.66674	-0.58802	0.43566
-0.79041	-0.57954	0.13961
-0.8865	0.33692	0.2841
0.46353	-0.40433	0.77573
-0.078316	-0.3891	0.90696
-0.50912	-0.82641	0.19478
0.23149	-0.94718	0.17137
-0.51838	0.59331	0.59947
0.83411	-0.51629	0.13341
-0.33556	-0.92673	0.093142
0.5321	0.83227	0.065616
0.86495	-0.2784	0.39301
-0.6028	0.78253	0.066107
0.3071	-0.73381	0.58933
0.056555	-0.52803	0.83551
0.13571	0.89703	0.39626
-0.84406	-0.15342	0.49409
-0.14782	-0.56385	0.80021
0.45581	0.84535	0.24027
-0.7431	0.22665	0.61362
0.52307	0.73551	0.40685
0.021276	0.72077	0.67833
-0.55021	0.70412	0.42612
0.69165	0.70828	0.0084083
0.97518	-0.17005	0.014681
-0.15021	-0.96184	0.18002
0.24629	0.050907	0.95752
0.81667	0.46774	0.30719
-0.71868	-0.11188	0.67163
-0.6026	-0.28725	0.73107
0.56095	-0.74194	0.33906
0.82589	0.32126	0.44136
-0.22641	-0.22438	0.93728
-0.56097	-0.094823	0.8102
0.063493	0.56499	0.81047
-0.37428	0.74673	0.53142
-0.15225	-0.90361	0.37471
0.56356	0.4395	0.68508
-0.37057	-0.057888	0.9162
-0.98069	0.12979	0.038701
0.41355	-0.89827	0.046728
0.26601	-0.47455	0.82713
0.77411	0.5962	0.15938
0.96001	-0.12632	0.20619
0.96389	0.076389	0.21255
-0.35207	-0.56762	0.73072
0.22328	-0.88714	0.37846
0.58002	-0.50375	0.62442
0.6893	0.087335	0.70522
-0.78724	0.50812	0.31964
0.70586	0.4691	0.51167
0.039122	-0.88713	0.43768
0.38758	-0.80287	0.43044
-0.42231	-0.23952	0.86278
-0.23206	0.93421	0.23128
0.92088	-0.36283	0.020789
0.18796	-0.15419	0.95969
-0.26477	0.95383	0.014079
-0.55114	0.78247	0.25314
-0.41244	0.88793	0.14688
0.5735	-0.79424	0.14273
0.23762	0.46938	0.83864
-0.94871	0.15272	0.23818
0.12555	-0.79094	0.58202
-0.20229	0.30913	0.91849
0.39388	-0.58044	0.6986
-0.73455	-0.2985	0.59281
-0.098105	0.46187	0.87014
-0.048297	0.93662	0.31705
-0.76242	-0.53596	0.334
0.55603	0.60015	0.55745
-0.92265	-0.19994	0.29806
0.63142	0.73076	0.21772
-0.012645	-0.69028	0.70955
0.42111	0.36398	0.81871
0.95974	0.23499	0.061505
-0.48262	0.44852	0.73893
0.39923	0.54925	0.72045
-0.38283	0.84207	0.35278
0.88692	0.42631	0.10834
0.047196	-0.98693	0.06195
0.18622	0.7892	0.56796
-0.58686	0.26523	0.75189
-0.076999	0.29625	0.9625
-0.39263	-0.76749	0.52621
0.57685	0.39838	0.72708
-0.32301	0.56188	0.77463
0.197	-0.20466	0.96923
-0.18366	0.72024	0.68383
-0.88592	0.16804	0.45497
0.012462	1.0091	0.041574
-0.81901	0.36557	0.46441
-0.59855	-0.78742	0.2045
0.11361	0.33308	0.94671
-0.65792	0.11573	0.75753
0.14893	-0.91978	0.38976
0.84823	0.12437	0.53398
-0.57937	-0.72326	0.40166
-0.84422	-0.4551	0.31666
0.91597	0.26088	0.33622
0.79404	-0.61585	0.10164
-0.41251	0.37522	0.84211
-0.35432	-0.63626	0.6998
0.07429	0.13353	0.99837
-0.94055	-0.32161	0.17898
-0.49341	-0.47266	0.7438
-0.20475	-0.76859	0.62246
0.72334	0.050543	0.70308
0.69659	0.46431	0.56505
0.053699	0.50551	0.87274
0.0035265	-0.74179	0.68545
0.87783	-0.34785	0.3585
-0.48477	0.17477	0.86865
0.59597	-0.54316	0.60819
0.81737	0.31826	0.50072
-0.9005	0.44566	0.10289
0.1984	0.98333	0.11751
-0.91635	-0.037509	0.42308
-0.20699	-0.31301	0.9377
-0.8084	0.041974	0.60401
0.27537	0.92358	0.30211
-0.085648	0.92123	0.4051
-0.24332	0.83084	0.52019
-0.85879	-0.51792	0.11977
-0.28618	0.23435	0.93983
-0.74077	-0.68413	0.057733
-0.0463	-1.0012	0.12509
0.66096	-0.76348	0.018333
-0.2377	-0.88075	0.43345
-0.39891	-0.34565	0.8611
0.42866	0.083777	0.91068
0.031055	-0.067409	1.0073
-0.97772	-0.11088	0.22775
0.18375	0.77691	0.61866
-0.6792	0.44833	0.59815
0.28154	-0.52191	0.81758
0.43492	0.31417	0.85571
-0.7235	0.56461	0.42173
-0.6465	-0.46527	0.62102
0.9071	0.40773	0.17614
-0.79582	-0.36952	0.50023
0.39643	-0.12838	0.92003
0.79638	-0.54527	0.29757
0.57566	-0.040746	0.82889
0.70278	-0.1616	0.70717
0.80676	-0.27215	0.5433
0.5818	0.17867	0.80603
-0.97544	0.24734	0.086209
-0.4288	-0.90329	0.14243
0.26924	0.43798	0.86936
-0.13831	-0.63242	0.77525
0.94083	0.058581	0.36265
-0.13241	0.090965	0.99714
0.96579	-0.20534	0.21254
0.83464	-0.070219	0.56439
0.33756	0.82672	0.47189
-0.28013	0.91278	0.32934
-0.53184	-0.62929	0.58416
-0.77096	0.62845	0.17545
0.50747	-0.80042	0.34914
-0.38494	0.69232	0.62659
0.64492	0.7338	0.25635
0.75115	-0.46423	0.49026
-0.73808	-0.63853	0.26001
-0.92406	0.29444	0.28198
0.53782	-0.25006	0.81751
-0.0089874	-0.26794	0.97377
-0.42568	-0.85173	0.33684
0.33721	-0.90529	0.29469
-0.56601	0.63309	0.54674
0.90338	-0.41961	0.1671
-0.24282	-0.95055	0.24001
-0.5918	-0.81846	0.00034832
-0.99477	-0.1721	0.030402
0.91924	-0.14004	0.39432
0.40637	-0.62323	0.68304
0.13958	-0.40495	0.91468
0.059717	0.97204	0.26772
-0.8239	-0.16417	0.56065
-0.065314	-0.4657	0.89384
0.38443	0.92837	0.10218
-0.75615	0.24489	0.62319
0.46953	0.84843	0.28251
-0.028834	0.82451	0.58263
-0.6155	0.71643	0.35775
-0.048246	-0.95549	0.32375
0.2772	0.21294	0.94758
0.7913	0.59309	0.20539
-0.6949	-0.084749	0.72803
-0.55724	-0.24133	0.80706
0.65623	-0.64308	0.4194
0.82014	0.46606	0.36092
-0.17499	-0.1122	0.98838
-0.53194	-0.032452	0.85796
0.034363	0.691	0.73583
-0.43777	0.79138	0.44964
-0.049632	-0.86907	0.5122
0.55023	0.59485	0.60291
-0.33893	0.038279	0.95066
-1.0069	0.041754	0.067825
0.5127	-0.85659	0.1533
0.34634	-0.33225	0.88869
0.73001	0.69683	0.04023
0.99384	-0.0049411	0.17987
0.97733	0.20015	0.15768
-0.27451	-0.49915	0.83402
0.3298	-0.81586	0.49569
0.66101	-0.36064	0.67314
0.71437	0.25579	0.66659
-0.83961	0.48123	0.2891
0.68569	0.61329	0.41691
0.14498	-0.82502	0.56429
0.48966	-0.70784	0.52848
-0.37473	-0.157	0.92468
-0.3228	0.95026	0.11359
0.33621	-0.94843	0.086893
0.97195	-0.27321	0.027757
0.23901	0.0014497	0.98131
-0.6303	0.77017	0.17221
-0.50394	0.87421	0.043526
-0.23716	-0.98101	0.038408
0.66763	-0.72277	0.22796
0.22172	0.61569	0.76933
-0.96997	0.096644	0.26443
0.22776	-0.69919	0.69236
-0.20554	0.42378	0.89345
0.48249	-0.44494	0.76768
-0.69467	-0.28527	0.6754
-0.11705	0.58039	0.81826
-0.13369	0.98272	0.19103
-0.70753	-0.564	0.44878
0.52187	0.73723	0.45192
-0.90555	-0.24677	0.37307
0.57351	0.8268	0.087081
0.081628	-0.59288	0.81359
0.41794	0.52449	0.75521
-0.51024	0.51107	0.70609
0.37352	0.69448	0.63109
-0.46223	0.86065	0.25637
0.86004	0.52952	0.007122
0.15058	-0.97876	0.19864
0.12778	0.89325	0.45373
-0.59688	0.31864	0.74987
