0.61381	0.77383	0.15628
0.010745	0.61405	0.7892
0.40191	-0.40099	0.82321
0.4736	0.68144	0.55798
-0.38412	0.82168	0.42107
-0.74819	-0.57309	0.33435
-0.16351	0.11927	0.97931
0.94597	-0.17308	0.27419
-0.068376	0.20182	0.97703
-0.69186	-0.45846	0.5578
-0.80132	0.58769	0.11187
0.65478	0.65348	0.37978
0.30406	-0.58906	0.7487
0.79652	0.57795	0.1776
0.35381	0.59582	0.72098
0.73734	0.47368	0.48163
0.10643	-0.9825	0.15289
-0.72934	-0.0172	0.68393
0.49176	-0.81958	0.29405
0.84315	0.53518	0.051849
0.020633	-0.16172	0.98662
-0.44027	0.87214	0.2134
0.28402	-0.36925	0.88486
0.80365	0.36146	0.47275
-0.31171	0.53449	0.78559
-0.9881	-0.1333	0.076705
0.86668	-0.083021	0.49191
-0.7688	0.63948	0.0036439
0.4918	0.14239	0.85899
0.36606	0.68163	0.63354
-0.48679	0.23896	0.8402
-0.27889	0.16126	0.94669
0.64066	0.71823	0.27146
-0.51515	0.84904	0.11724
0.64982	-0.74242	0.16295
0.087531	-0.99573	0.029336
0.37196	0.82534	0.4248
0.93449	-0.35048	0.062368
-0.74865	0.26696	0.60684
-0.99719	-0.0072257	0.07457
-0.14072	-0.62437	0.76835
0.26751	0.82021	0.50567
-0.51035	0.58386	0.63138
-0.98146	0.045991	0.18609
0.92117	0.36136	0.14445
-0.34121	-0.93154	0.12576
-0.58764	-0.31315	0.74607
0.16603	0.92247	0.34856
-0.65986	-0.62549	0.41634
0.62926	-0.018094	0.77698
-0.7642	0.47468	0.43666
-0.31953	-0.91357	0.25157
0.40707	0.40232	0.82002
0.44833	-0.073121	0.89087
-0.49256	0.75242	0.43733
0.46464	0.5978	0.65326
-0.047678	-0.89609	0.44131
-0.93563	0.30057	0.18509
-0.93119	0.22397	0.2876
0.15635	0.45981	0.87415
-0.64144	-0.064967	0.76442
-0.74496	0.62428	0.23516
-0.26037	-0.83486	0.48498
0.27296	-0.24461	0.93041
0.73976	-0.65828	0.13936
0.81105	0.5136	0.28004
0.66946	-0.49091	0.55753
-0.85868	-0.51124	0.036229
-0.9255	-0.33034	0.18525
-0.57699	0.14996	0.80287
-0.37116	-0.38755	0.84383
0.69594	0.079039	0.71374
-0.30462	0.73138	0.61016
0.64911	0.49612	0.57665
-0.20269	-0.93527	0.29016
-0.88567	0.42062	0.19664
0.58776	-0.35346	0.72774
0.94394	0.085751	0.31878
0.99659	-0.0029845	0.082426
-0.82922	0.25064	0.49958
0.44236	0.87105	0.2135
-0.86951	0.48523	0.092202
-0.81973	-0.28311	0.49789
0.74026	0.55136	0.38474
0.17606	-0.44835	0.87635
0.089791	0.037466	0.99526
0.58993	-0.80476	0.065888
-0.62308	0.77114	0.13082
-0.099528	-0.77939	0.61858
0.86827	-0.3957	0.29922
-0.69143	0.48823	0.53249
-0.62816	-0.77004	0.11161
0.27775	-0.68692	0.67156
0.7316	0.62051	0.28235
-0.87884	0.26957	0.39367
0.9035	0.42687	0.038366
0.58055	-0.57503	0.57646
-0.18698	-0.70473	0.68439
0.1207	-0.082819	0.98923
0.56576	0.59181	0.57418
-0.063747	0.89528	0.44092
0.88235	-0.46293	0.084616
-0.42292	-0.65841	0.62261
0.016193	0.50641	0.86214
0.46828	0.29264	0.83371
-0.30941	0.6397	0.7036
0.34846	0.88871	0.29795
-0.73805	-0.33944	0.58315
0.91311	0.00029378	0.40771
0.69553	0.29747	0.65403
-0.49648	0.36726	0.78653
0.33997	0.50178	0.79538
0.59012	0.80694	0.024528
0.74723	0.17893	0.64002
0.65835	-0.58716	0.47098
-0.65358	0.71822	0.23872
-0.18543	0.24727	0.95104
-0.30786	0.41612	0.85561
-0.32814	0.92687	0.18228
-0.6285	-0.74443	0.22543
-0.19215	0.78738	0.58575
0.50064	-0.43834	0.74647
0.13519	-0.95248	0.27294
-0.0093645	-0.042552	0.99905
0.3727	0.75819	0.53501
0.52687	0.015484	0.8498
-0.99025	0.11957	0.071489
-0.59346	0.67109	0.44434
-0.91376	-0.27803	0.29622
-0.82189	0.52642	0.21768
-0.50625	0.67329	0.53888
0.27335	0.43116	0.85987
-0.43055	-0.87784	0.20982
-0.50413	0.48423	0.7151
0.88341	-0.28517	0.37185
0.41804	0.055655	0.90672
0.47337	0.75571	0.45257
0.67262	-0.38122	0.63424
0.7231	-0.59062	0.35818
0.49223	-0.31967	0.80964
0.092205	-0.55915	0.82392
-0.78653	-0.61604	0.043212
0.91598	0.20895	0.34252
-0.58914	0.395	0.70491
0.29883	0.95349	0.039509
0.5892	-0.46918	0.65781
-0.80635	-0.46092	0.37063
0.18621	0.1205	0.97509
0.77378	-0.63333	0.012613
-0.1005	0.44831	0.88821
0.084449	0.95875	0.27141
-0.56234	-0.67926	0.47157
-0.72016	0.68154	0.1299
0.8189	-0.39746	0.41404
0.87572	0.40444	0.2637
0.62678	0.40747	0.66417
0.5311	-0.75046	0.39337
-0.94154	-0.15338	0.29996
-0.80479	0.033415	0.59262
0.96005	-0.23108	0.15782
0.364	-0.1613	0.91733
0.079197	-0.3933	0.91599
0.24578	-0.12262	0.96154
-0.45715	-0.72214	0.51915
-0.60305	0.58683	0.54033
-0.71229	-0.1439	0.68698
-0.35893	0.88159	0.30653
-0.81258	-0.56421	0.14625
-0.43742	-0.1441	0.88763
0.24939	-0.77415	0.5818
0.21041	-0.97525	0.068012
0.96987	-0.24011	0.041146
-0.95037	0.099303	0.29485
0.63265	-0.67595	0.37794
-0.076301	-0.24749	0.96588
0.32282	-0.94561	0.040175
-0.54546	-0.43277	0.71776
0.263	-0.92034	0.28947
0.15251	0.80889	0.56784
0.081938	-0.88012	0.46762
-0.49054	-0.54967	0.67619
-0.17844	0.85983	0.47839
-0.84757	-0.15787	0.50666
-0.30832	-0.68771	0.65726
-0.26385	-0.61066	0.74664
-0.20833	-0.52535	0.82499
0.13518	0.64879	0.74886
-0.18186	0.98326	0.0114
-0.041881	-0.36603	0.92966
0.74628	-0.28662	0.60076
0.23618	0.56104	0.79338
-0.10953	-0.97276	0.20431
0.56242	-0.66824	0.48697
-0.44993	-0.88932	0.081712
-0.66629	0.30053	0.68245
0.97892	-0.095883	0.18034
-0.92199	-0.38012	0.073748
-0.098592	0.55871	0.82348
0.55117	0.50113	0.66714
0.23866	0.32937	0.91354
-0.38022	-0.58457	0.71673
-0.088501	0.32776	0.94061
0.14982	-0.20311	0.96762
0.028446	0.27899	0.95987
0.17358	-0.90719	0.38323
0.2704	0.88062	0.3891
-0.3724	0.072541	0.92523
0.20722	-0.54393	0.81314
-0.24518	0.93012	0.27342
0.16256	0.98617	0.032317
-0.76841	0.36603	0.52494
0.7111	0.68103	0.17473
0.45699	-0.8865	0.072722
0.91754	-0.12727	0.37672
-0.68446	0.72867	0.023346
0.14484	0.734	0.66352
-0.66871	0.18886	0.71914
0.59938	0.10344	0.79376
-0.53098	-0.61949	0.57818
-0.29211	0.81059	0.50756
-0.20171	0.70252	0.68247
0.66663	-0.26268	0.69757
-0.086073	0.75258	0.65286
0.12343	0.35872	0.92525
0.7718	0.63182	0.071597
-0.96318	-0.25743	0.077576
-0.90295	0.15533	0.40069
0.99021	-0.12437	0.063417
-0.39999	0.33042	0.85489
0.80833	-0.18464	0.55902
-0.32615	-0.50236	0.80078
0.043971	-0.93211	0.35951
0.45047	0.50262	0.73787
-0.076216	0.83004	0.55246
0.81345	0.44138	0.37879
0.92175	-0.28732	0.26044
0.65768	0.19943	0.72642
-0.21292	0.96642	0.1439
0.98733	0.12133	0.10229
-0.55068	0.80196	0.23154
0.41812	-0.81722	0.39665
-0.58787	-0.72664	0.35552
0.032796	0.78831	0.61441
-0.68618	0.39599	0.6102
-0.22723	-0.95964	0.16573
-0.57682	0.74248	0.3406
-0.17357	-0.89644	0.40776
0.55956	0.7444	0.36437
-0.32364	-0.17883	0.92913
-0.56236	0.02142	0.82662
-0.79413	-0.092685	0.60064
-0.96612	0.24733	0.073792
0.057688	0.15778	0.98579
0.39536	-0.62525	0.67287
-0.96818	0.17258	0.18123
0.47197	-0.20024	0.85857
0.030084	-0.76536	0.64289
-0.40814	-0.26755	0.87283
-0.47085	0.8187	0.32869
0.57544	-0.23245	0.78411
0.89254	0.12403	0.43357
0.40559	-0.51658	0.75408
-0.0091363	-0.83732	0.54663
0.2326	0.93887	0.25381
-0.13725	-0.84427	0.51804
-0.40673	0.90933	0.087715
-0.29517	0.95403	0.051905
0.54178	0.80255	0.24977
0.72096	-0.041993	0.6917
0.96197	0.2427	0.12534
-0.59443	-0.50613	0.62489
-0.083532	-0.53598	0.84009
-0.79819	0.16467	0.57947
-0.22554	-0.77542	0.5898
-0.037936	0.94765	0.31704
-0.85381	-0.34448	0.39032
-0.010875	0.98143	0.19153
-0.67995	-0.66884	0.30053
0.56973	0.67204	0.47304
0.032634	0.9972	0.067328
-0.40781	0.45459	0.79186
0.22881	0.96398	0.13564
0.12051	-0.81451	0.56749
0.72144	0.38949	0.57256
0.97907	0.038577	0.19983
0.26144	0.74742	0.61075
-0.013858	-0.99316	0.11594
0.016295	-0.48173	0.87617
0.277	0.21144	0.93732
0.78069	0.058693	0.62216
-0.096511	0.66277	0.74258
-0.43869	-0.47136	0.7651
0.95549	-0.040278	0.29225
-0.2586	0.034033	0.96539
-0.6555	0.062127	0.75263
-0.20287	-0.21061	0.95629
0.65828	0.57838	0.48181
0.81727	-0.56518	0.11244
-0.51747	-0.23092	0.82396
0.22944	-0.95607	0.18244
0.33798	0.92477	0.17484
0.65098	-0.13983	0.74611
0.82574	0.15658	0.54188
0.54714	-0.81873	0.17409
0.41275	0.90743	0.07881
-0.74087	-0.63914	0.20644
-0.95418	-0.027372	0.29799
0.78149	0.27474	0.56017
0.74392	-0.49686	0.44689
0.11544	0.98051	0.15899
0.30906	0.092462	0.94654
0.45429	-0.74087	0.4947
0.6798	0.73071	0.062823
-0.12945	0.96365	0.23372
-0.86101	0.10403	0.49784
-0.039801	0.078419	0.99613
0.81515	-0.30365	0.49328
0.85096	-0.48231	0.20793
-0.68518	0.57858	0.44247
0.69326	-0.67131	0.26216
0.050108	-0.27861	0.9591
0.041159	0.85843	0.51128
0.59649	0.31559	0.73798
0.9256	0.28765	0.24603
-0.12881	-0.43816	0.88962
-0.29502	-0.88057	0.3709
-0.53423	-0.82939	0.16343
-0.77872	-0.40337	0.48051
0.39343	0.19362	0.89873
0.33817	-0.79983	0.49589
-0.37699	-0.81027	0.44872
-0.63197	-0.57085	0.52416
-0.57892	0.27418	0.76791
-0.92526	0.37078	0.080122
0.15884	0.87217	0.4627
-0.95987	-0.2063	0.18999
-0.97869	-0.080841	0.18876
-0.25357	-0.41562	0.87347
-0.67391	0.65429	0.34315
0.77806	-0.58173	0.23708
0.33589	-0.035589	0.94123
-0.90878	-0.096615	0.40594
-0.88739	-0.22124	0.40447
0.85607	0.24511	0.45504
-0.35036	-0.054711	0.93501
0.36944	-0.71885	0.58887
0.21757	0.00054244	0.97605
-0.24706	-0.96826	0.037932
0.96043	0.16524	0.22422
-0.47854	0.1112	0.87099
0.51663	0.39897	0.75757
-0.73723	0.11296	0.66614
0.11975	0.55591	0.82257
0.87232	0.32825	0.36236
0.011249	-0.97044	0.24108
0.59666	-0.7524	0.2791
-0.29649	0.29005	0.90993
0.29974	-0.86745	0.3971
-0.7259	-0.51945	0.45083
-0.58179	0.8131	0.019596
-0.48647	-0.77356	0.40614
0.86876	-0.20219	0.45208
-0.5221	-0.80469	0.28264
0.95027	0.31067	0.021628
-0.91471	0.029797	0.40302
0.48154	-0.65269	0.58491
-0.61927	-0.19022	0.76179
-0.27078	0.87787	0.395
-0.64625	-0.38911	0.65647
0.18119	-0.64136	0.74554
0.15774	-0.7357	0.65868
-0.86318	-0.03006	0.504
0.51692	0.84775	0.11882
-0.13672	-0.0053214	0.9906
0.25127	0.66165	0.70646
0.86583	0.47403	0.16007
-0.5436	-0.10597	0.83263
-0.87647	-0.45505	0.15723
0.45588	0.82391	0.33667
-0.41123	0.5667	0.71396
0.051106	0.91619	0.39748
0.73585	-0.16453	0.65685
0.68932	-0.72333	0.040457
-0.71439	-0.69222	0.10241
-0.68471	-0.26789	0.6778
-0.0094007	-0.61349	0.78964
-0.15546	0.92013	0.35943
0.023497	0.7066	0.70722
0.85334	0.036813	0.52006
0.80186	-0.49754	0.33088
-0.88921	0.34817	0.29677
0.55341	-0.11004	0.82561
-0.7721	-0.21746	0.59713
-0.29236	-0.29942	0.90822
-0.23218	-0.090014	0.9685
0.34263	-0.92607	0.15812
0.35344	0.31191	0.88193
-0.83076	0.45537	0.32012
0.069322	-0.67907	0.7308
0.38248	-0.28707	0.87823
0.37548	-0.88048	0.28945
-0.55147	-0.83358	0.031998
-0.20165	0.37313	0.9056
-0.38691	0.20078	0.89999
-0.34479	-0.75492	0.55786
0.44443	-0.87574	0.18857
-0.46045	-0.017494	0.88751
-0.87297	-0.40212	0.27609
-0.82761	0.37333	0.41915
0.74786	-0.40002	0.52979
-0.75934	0.55612	0.33784
-0.40226	0.74812	0.52773
-0.41071	0.66312	0.62577
-0.05879	-0.70268	0.70907
0.91175	-0.37116	0.17594
-0.60186	0.49456	0.62703
0.8	-0.062617	0.59673
-0.81693	-0.51694	0.25572
-0.081342	-0.94155	0.32689
0.49659	-0.55074	0.67088
-0.094374	0.99026	0.10232
-0.20603	0.60361	0.7702
-0.41131	-0.84953	0.33034
0.17713	-0.32207	0.93
-0.48254	-0.35287	0.80165
-0.10706	-0.12738	0.98606
-0.20876	0.49386	0.84411
0.21181	-0.84744	0.48681
0.153	0.23888	0.95892
0.556	0.22392	0.80046
-0.17024	-0.32736	0.92944
0.014177	0.40199	0.91553
0.30545	-0.47512	0.82521
-0.1315	-0.98832	0.076981
0.80689	-0.53416	0.20906
0.32819	-0.66685	0.65399
0.97096	0.096027	0.16767
0.56166	-0.22146	0.7846
0.074957	0.82836	0.53694
-0.6738	-0.10974	0.71698
0.2238	0.75384	0.60145
-0.61638	-0.55576	0.53974
-0.7157	-0.5591	0.39405
0.59272	-0.47178	0.63735
0.64242	0.4997	0.56364
0.24618	-0.95409	0.095968
-0.43476	0.63811	0.61959
-0.44415	0.5026	0.72816
0.52591	0.63335	0.5499
0.86639	0.36932	0.30507
0.21987	-0.7933	0.54994
0.33185	0.047442	0.93152
-0.27498	0.72826	0.61165
0.5363	0.25752	0.79131
-0.89133	-0.38336	0.19664
-0.94276	0.17193	0.2485
0.6028	-0.73291	0.2821
0.49184	0.52464	0.6804
0.26471	0.91219	0.27916
-0.61458	-0.40739	0.66062
-0.18402	-0.053612	0.97127
-0.83504	0.53157	0.015637
-0.23807	0.26023	0.92504
-0.15528	0.39844	0.89288
-0.73134	0.66454	0.060262
-0.2929	0.60032	0.7307
0.98984	0.0076243	0.016289
-0.58833	-0.6857	0.4047
0.23357	-0.28962	0.91742
-0.46872	0.054232	0.87032
-0.94356	-0.11431	0.277
-0.41297	0.75346	0.49179
-0.53754	0.74963	0.35946
-0.45349	-0.86904	0.13865
0.34925	0.92389	0.067465
-0.075766	0.88466	0.43787
0.77275	0.60753	0.11777
0.58888	-0.78988	0.097001
0.73869	0.34477	0.56175
0.098872	0.90479	0.38945
0.45048	-0.09331	0.87662
-0.3595	-0.877	0.28589
-0.33222	0.91401	0.18523
0.2837	0.36729	0.87448
0.88095	-0.44516	0.076597
0.44319	-0.8013	0.3763
-0.33467	-0.52273	0.77126
-0.68108	-0.67106	0.25671
-0.20699	-0.6724	0.69652
-0.87779	0.19852	0.41252
0.28902	-0.12647	0.93839
-0.76879	0.58942	0.20408
-0.80259	0.35659	0.45694
0.0024531	0.98497	0.099657
-0.4292	-0.23726	0.86
-0.93634	0.29875	0.11882
0.048308	0.72734	0.66988
0.59957	0.38576	0.68688
-0.57962	0.51489	0.61565
0.50569	-0.38002	0.76155
-0.36623	-0.081642	0.91614
-0.53405	-0.10109	0.82745
0.40402	-0.25985	0.86565
-0.85073	0.046711	0.50417
0.92818	-0.20685	0.27531
0.48258	-0.83645	0.21811
-0.71312	-0.26615	0.63303
0.072224	-0.9805	0.11618
0.65942	-0.54724	0.49578
-0.12411	0.12183	0.9746
-0.72725	-0.42105	0.52338
-0.13102	-0.33854	0.92105
-0.010266	-0.46264	0.87519
-0.59283	0.79035	0.063233
0.48105	0.080796	0.86149
0.88193	-0.37691	0.24544
-0.86006	-0.48632	0.062327
-0.88379	0.33529	0.29425
0.39054	0.74602	0.52061
0.39156	-0.74464	0.52181
-0.053484	0.94884	0.27739
-0.89369	-0.26976	0.32961
-0.12546	0.68306	0.70554
0.1694	0.012417	0.97532
-0.43333	0.88887	0.047208
0.32745	-0.90152	0.24522
-0.52976	-0.78957	0.27573
0.78996	-0.2263	0.55213
-0.27248	0.95174	0.0060699
0.76977	0.44762	0.43266
0.4401	0.39566	0.79364
0.79309	-0.59191	0.027424
0.34039	-0.41706	0.83084
-0.088288	-0.59807	0.78397
-0.10267	-0.97576	0.13207
-0.4838	-0.67395	0.54021
0.19548	0.63905	0.73041
-0.79503	0.4844	0.33674
0.71024	-0.67164	0.15673
0.086168	-0.5907	0.78978
-0.28398	-0.93884	0.13427
0.22959	0.19176	0.94373
0.16289	-0.94009	0.26418
0.86626	0.45711	0.14405
0.7061	-0.14478	0.67864
0.36381	0.64671	0.65537
0.06115	0.14973	0.9767
-0.81562	-0.27294	0.49027
-0.10267	0.79545	0.58036
0.24969	0.84499	0.45138
-0.49795	-0.53219	0.67001
-0.021461	-0.71665	0.68268
0.11422	-0.15369	0.97131
-0.0095675	-0.94838	0.28387
0.84445	0.26643	0.44274
-0.69719	0.50823	0.48552
-0.14129	0.55028	0.81076
-0.97974	-0.032627	0.13837
0.16653	-0.44442	0.86883
-0.14031	-0.79406	0.57435
0.78505	0.53279	0.28271
0.68874	0.23096	0.67261
0.19237	0.96725	0.086698
0.054996	-0.31356	0.93742
0.41125	0.87561	0.21043
0.91661	0.37408	0.00071378
-0.49472	0.83207	0.20737
0.51636	0.8418	0.069569
-0.0084687	-0.015952	0.98984
0.25767	-0.56444	0.77144
-0.25207	-0.21193	0.93362
0.043123	-0.81491	0.5605
0.50242	-0.61688	0.58918
-0.81755	-0.41859	0.36946
-0.87968	-0.11541	0.43925
-0.64248	0.72187	0.21499
0.97385	-0.099411	0.14775
-0.19088	-0.48585	0.8412
0.67929	0.66992	0.26433
0.42874	-0.52954	0.71824
0.12188	0.32706	0.92643
-0.065971	-0.18407	0.9705
0.61714	0.11058	0.76616
-0.74665	0.050754	0.6481
-0.755	-0.63267	0.098977
-0.86632	0.45106	0.16164
-0.42668	-0.78855	0.4198
-0.58071	-0.26051	0.7583
-0.24877	0.83245	0.4746
-0.67578	0.21342	0.69128
-0.67705	0.62714	0.35832
0.66034	-0.31322	0.66779
0.41556	-0.89544	0.074862
0.27755	-0.85961	0.40513
-0.93362	-0.32896	0.015493
0.96853	0.20321	0.027403
-0.69836	0.36863	0.59707
0.54701	0.7201	0.40291
-0.29925	0.44786	0.83065
-0.79001	-0.11099	0.58623
0.15532	-0.70352	0.679
-0.95301	-0.22379	0.14765
-0.42968	0.35173	0.81961
-0.075355	-0.88556	0.43613
-0.18467	-0.93009	0.28448
-0.57394	0.36811	0.71777
0.84953	-0.30298	0.40817
0.94371	-0.014102	0.29885
0.40711	0.82271	0.37082
0.8849	0.070157	0.43833
0.16868	0.49592	0.84006
-0.16834	0.9649	0.14401
-0.62033	0.051287	0.76985
0.79989	0.15246	0.56306
-0.21795	0.9111	0.32016
0.73593	-0.39379	0.53239
-0.97734	0.12551	0.09571
0.94465	-0.27553	0.10873
-0.047527	0.27821	0.94892
0.65505	0.73618	0.095108
-0.29216	0.077453	0.94273
0.78875	-0.46332	0.37856
-0.31211	-0.36379	0.86622
0.0074908	0.45172	0.8809
0.88649	-0.1258	0.42239
0.72898	0.032096	0.66907
0.38766	0.22885	0.88173
0.92213	0.18219	0.31079
0.56112	-0.68419	0.444
-0.78788	0.20858	0.56199
-0.30994	-0.76025	0.55322
-0.46668	-0.39614	0.77806
-0.9296	0.037239	0.33846
-0.38791	0.20873	0.8866
-0.80074	-0.53293	0.23431
0.8189	-0.047141	0.55433
0.11281	0.95619	0.23038
-0.38201	0.84519	0.34614
-0.24919	-0.85723	0.42796
0.59859	-0.057091	0.78647
0.027384	0.60133	0.78597
0.70482	-0.60806	0.33704
-0.56483	0.64361	0.49683
-0.54388	0.20831	0.80057
0.66875	0.59553	0.42216
0.93204	0.2878	0.16906
-0.61644	-0.76453	0.12487
0.10492	-0.88995	0.42081
0.55409	0.78408	0.24145
-0.36534	-0.64118	0.65993
0.32793	0.52365	0.77353
0.88015	-0.42928	0.24728
0.42314	-0.54457	0.7379
0.98098	0.2141	0.10929
-0.97817	-0.24463	0.058587
0.61904	-0.055495	0.79612
0.0098588	0.91744	0.42226
-0.64805	-0.071738	0.77135
0.17065	0.86614	0.49069
0.25949	-0.97319	0.075322
-0.55035	-0.54019	0.65223
-0.65573	-0.57411	0.5104
0.67106	-0.3254	0.68109
0.61997	0.64545	0.46811
0.35026	-0.9217	0.21884
-0.48507	0.68907	0.55676
-0.47709	0.56759	0.6858
0.48768	0.76662	0.44108
0.8517	0.49862	0.21467
0.3226	-0.69711	0.65579
0.36348	0.21394	0.91772
-0.33242	0.79393	0.52846
0.54473	0.42459	0.73695
-1.007	-0.078019	0.00023619
-0.85853	-0.44279	0.29491
-0.96554	0.11802	0.27187
-0.4549	-0.8922	0.13095
0.69584	-0.63819	0.35863
0.46863	0.67288	0.58968
0.18507	0.9828	0.14122
-0.55954	-0.37342	0.75337
-0.14824	0.068459	0.99671
-0.23663	0.37212	0.90864
-0.16781	0.5144	0.85284
-0.80765	0.60646	0.00268
-0.33352	0.68074	0.66742
-0.51324	-0.68761	0.5328
0.29765	-0.13642	0.95546
-0.4515	0.13495	0.89333
-0.93621	-0.16572	0.3408
-0.47906	0.7887	0.41055
-0.60954	0.75379	0.28347
-0.36679	-0.89732	0.2835
-0.15216	0.94527	0.32158
0.68123	-0.7235	0.18045
0.73337	0.49867	0.48332
0.021321	0.97532	0.26153
0.49631	0.075922	0.87636
-0.26562	-0.87506	0.42874
-0.42391	0.91368	0.074738
0.28009	0.52265	0.81761
0.94172	-0.35178	0.097544
0.54408	-0.70872	0.47095
-0.26006	-0.44651	0.86781
-0.61386	-0.70315	0.38581
-0.096208	-0.99714	0.12869
-0.1178	-0.59547	0.80724
-0.89677	0.17465	0.43059
0.33799	0.035959	0.95109
-0.8331	0.54808	0.16017
-0.83507	0.34721	0.44967
-0.38204	-0.1558	0.92188
-0.97636	0.22744	0.12289
-0.0023657	0.83249	0.57189
0.5923	0.54454	0.61054
-0.61961	0.55069	0.57699
0.57764	-0.22361	0.79776
-0.33211	0.014806	0.95372
-0.5034	-0.033679	0.87496
0.46578	-0.097564	0.89086
-0.85072	0.037847	0.54309
0.9721	-0.078998	0.26245
0.58225	-0.76308	0.31432
-0.67485	-0.24488	0.71043
0.17715	-0.96207	0.25127
0.74162	-0.41527	0.54558
-0.10522	0.25108	0.97262
-0.67713	-0.41778	0.62214
-0.067128	-0.22014	0.98343
0.066467	-0.33991	0.94876
0.75992	-0.66393	0.042619
0.50907	0.25172	0.83522
0.9415	-0.25872	0.25836
-0.82087	-0.56266	0.17227
-0.62095	-0.79023	0.10034
-0.92081	0.29453	0.29233
0.33786	0.86265	0.40221
0.49087	-0.63574	0.61236
-0.14154	0.98879	0.14954
-0.86799	-0.30963	0.41331
-0.17294	0.7764	0.62241
0.083827	-1.0012	0.10289
0.20373	0.16942	0.97462
0.43242	-0.83951	0.35823
-0.44762	-0.805	0.41438
0.84326	-0.071921	0.55122
0.75003	0.58644	0.33711
0.43313	0.55456	0.72455
0.86588	-0.51486	0.07269
0.41607	-0.26675	0.88081
-0.0019828	-0.49673	0.87941
-0.00022331	-0.97183	0.27502
-0.40379	-0.6462	0.66293
0.158	0.76661	0.63832
-0.84451	0.4591	0.31006
0.79433	-0.58434	0.21836
0.17445	-0.4717	0.87588
-0.18786	-0.95183	0.28075
0.24544	0.35095	0.91471
0.27004	-0.89138	0.39066
0.83715	0.56364	0.039836
0.75417	0.020207	0.6715
0.32545	0.77968	0.55343
0.079956	0.29726	0.96195
-0.783	-0.28215	0.57219
-0.16552	0.87354	0.47921
0.18253	0.93863	0.3252
-0.42818	-0.48633	0.77476
0.07446	-0.62412	0.79059
0.16454	-0.0034685	0.9965
0.096597	-0.91346	0.41995
0.8446	0.41291	0.36911
-0.74263	0.51392	0.45221
-0.17189	0.65656	0.74799
0.60972	-0.80429	0.038135
-0.98595	-0.10707	0.19115
0.24376	-0.3055	0.93132
-0.041904	-0.729	0.69778
0.75176	0.65192	0.17308
0.69805	0.39543	0.61356
0.1196	-0.17478	0.98755
0.33514	0.95021	0.069958
-0.57967	0.81887	0.11635
0.026659	0.12588	1.0018
0.34515	-0.43145	0.84547
-0.20242	-0.10269	0.98417
0.14585	-0.73432	0.67795
0.59261	-0.48691	0.65714
-0.77421	-0.44619	0.47076
-0.86578	-0.13729	0.50168
-0.71808	0.69496	0.14656
1.0032	0.015019	0.11644
-0.11556	-0.38551	0.92635
0.62986	0.77696	0.14036
0.51334	-0.38758	0.77869
0.12179	0.47413	0.88344
-0.015201	-0.051456	1.0086
0.64087	0.28101	0.7283
-0.74065	0.072677	0.68282
-0.28551	-0.96042	0.12719
-0.69813	-0.69441	0.22476
-0.91939	0.39348	0.14141
-0.33824	-0.77328	0.55473
-0.53683	-0.20841	0.82974
-0.32111	0.88143	0.37426
-0.68387	0.24926	0.70021
-0.73864	0.61707	0.30618
0.72454	-0.1551	0.68636
0.51541	-0.84948	0.1812
0.38296	-0.77911	0.51616
-0.91313	-0.41828	0.10646
-0.7258	0.38955	0.58444
0.49525	0.83467	0.27955
-0.32103	0.54126	0.78998
-0.77027	-0.10303	0.64512
0.25234	-0.59445	0.77657
-0.93903	-0.29535	0.22604
-0.44393	0.43048	0.79857
0.028623	-0.83467	0.56799
-0.082897	-0.91182	0.42639
-0.59541	0.4184	0.70038
0.90662	-0.16405	0.41381
0.96901	0.11968	0.25845
0.34177	0.91976	0.23947
0.9055	0.21884	0.39023
0.14913	0.63595	0.77035
-0.26424	0.97465	0.018143
-0.60842	0.10292	0.79959
0.8151	0.31139	0.50867
-0.75667	-0.66727	0.048039
-0.30311	0.94119	0.20587
0.80484	-0.24836	0.55736
-1.0011	0.045989	0.12581
0.99015	-0.17048	0.10315
-0.044338	0.41197	0.9211
-0.27227	0.18571	0.95471
0.43272	-0.91148	0.045429
0.86029	-0.33537	0.4093
-0.25015	-0.27085	0.9403
-0.0085165	0.5819	0.82548
0.92654	0.019687	0.40154
0.75903	0.19886	0.63595
0.39992	0.3945	0.83936
0.92751	0.31667	0.24401
0.65408	-0.56987	0.51722
-0.8015	0.21497	0.57575
-0.21817	-0.71437	0.67984
-0.40666	-0.33095	0.86325
-0.9354	-0.0031565	0.38093
-0.3847	0.30039	0.88423
-0.7501	-0.57901	0.34957
0.85443	0.1113	0.52693
0.024821	1.0054	0.093091
-0.46195	0.86291	0.24919
-0.1509	-0.82409	0.56409
0.63982	0.11358	0.77319
-0.0068073	0.72053	0.70773
0.78848	-0.49494	0.3917
-0.62176	0.66438	0.43831
-0.54582	0.27256	0.80492
0.63211	0.72392	0.31061
0.92199	0.40336	0.085667
-0.54323	-0.80992	0.26275
0.21144	-0.82396	0.5445
0.49043	0.8764	0.10726
-0.28288	-0.5846	0.77351
0.30561	0.66954	0.69168
