0.38108	-0.9192	0.09929
0.20888	0.81201	0.54499
0.94581	0.13622	0.29478
-0.0025829	0.61031	0.79216
0.68342	-0.66092	0.31004
0.75161	-0.47243	0.46031
-0.53663	-0.26919	0.79973
-0.70328	-0.54901	0.45165
0.47571	0.61283	0.63099
-0.4931	0.53851	0.68327
-0.92782	-0.029934	0.37183
-0.61478	-0.56501	0.55028
0.43877	0.52847	0.72677
0.65861	0.59134	0.46534
-0.50868	0.037952	0.86012
-0.78797	0.22076	0.57478
0.085096	-0.98551	0.14674
0.15119	-0.92628	0.34519
-0.29472	-0.919	0.26189
-0.70186	0.27238	0.65818
0.62968	-0.64536	0.43244
-0.85508	-0.21714	0.47083
-0.33299	0.85987	0.38697
-0.68037	-0.72397	0.11383
-0.22626	-0.35987	0.90515
-0.18528	0.5088	0.84071
0.96147	-0.22282	0.161
0.73773	-0.012629	0.67497
-0.082284	-0.0084681	0.99657
0.79895	0.60078	0.02732
-0.60307	0.76707	0.21886
-0.13641	-0.98496	0.106
-0.057715	0.97375	0.22019
0.43588	-0.42052	0.79572
-0.36771	0.38616	0.84597
0.94948	0.23242	0.21086
-0.44074	-0.73664	0.51295
0.22772	-0.73851	0.63462
-0.58034	-0.043178	0.81323
0.31874	0.77302	0.5485
-0.039494	0.31588	0.94798
0.80445	-0.57916	0.13207
-0.34749	0.18077	0.9201
-0.7808	-0.57926	0.23413
0.69517	0.10001	0.71186
-0.12407	-0.81941	0.55962
-0.96279	0.26812	0.033982
0.11043	-0.88313	0.45595
0.26254	-0.65017	0.71299
-0.81948	0.56093	0.11755
-0.53729	0.24085	0.80827
0.012885	-0.7001	0.71393
-0.45233	0.81858	0.35401
0.80319	-0.48946	0.33958
-0.21125	0.88607	0.41261
-0.65793	0.38993	0.64426
0.98759	-0.13485	0.080455
0.93865	0.32138	0.1251
0.29023	-0.95683	0.015474
0.53481	0.21583	0.81694
0.069368	0.97045	0.23111
0.025076	0.99289	0.11639
0.52032	-0.46905	0.71362
-0.025224	-0.78386	0.62043
-0.45085	-0.060098	0.89057
0.60165	-0.79866	0.013042
0.27516	0.71286	0.64507
-0.1137	0.77412	0.62275
-0.78295	-0.51747	0.34527
0.14963	0.42294	0.89372
-0.89793	-0.41833	0.13685
-0.82275	-0.023473	0.56792
-0.46511	0.15859	0.87093
0.86369	0.070059	0.49913
-0.009417	-0.43104	0.90228
0.88555	0.43455	0.16422
0.26102	-0.95501	0.14076
-0.31439	-0.87103	0.37744
-0.21147	-0.86359	0.45771
-0.021385	0.10477	0.99427
-0.0070386	0.94304	0.33259
0.16873	0.21979	0.96084
-0.3318	-0.043036	0.94237
0.59908	0.73711	0.3127
-0.38293	0.88331	0.27042
0.84894	-0.48489	0.21022
-0.42675	0.63855	0.64042
-0.43449	0.46605	0.77073
-0.67442	-0.066931	0.73531
-0.69335	0.70038	0.16953
-0.9008	-0.35424	0.25115
-0.30851	0.66878	0.67643
0.68861	-0.44456	0.57287
-0.87788	-0.089399	0.47046
-0.75284	0.57223	0.32524
0.34375	-0.71715	0.60625
0.29454	0.84544	0.44551
-0.46422	-0.37487	0.80248
-0.70378	0.4559	0.54483
0.70763	0.4015	0.58143
0.6187	-0.39572	0.67868
0.12336	0.9317	0.34165
-0.062366	-0.2286	0.97152
-0.16226	0.8374	0.52195
-0.98333	0.088942	0.15859
0.77002	-0.12282	0.62609
0.64095	0.21028	0.73822
0.10693	0.99426	0.0046572
0.78637	0.086408	0.61169
-0.13715	-0.45137	0.88173
0.96709	0.01771	0.25382
0.57652	0.81511	0.056751
0.49481	-0.86686	0.061043
0.84861	0.27226	0.45359
-0.90013	0.2238	0.37373
0.59857	0.7789	0.18716
0.72258	-0.57256	0.38737
-0.57045	-0.37869	0.72882
-0.038543	-0.98166	0.18672
-0.79013	0.40507	0.46001
0.58753	-0.11416	0.80111
0.48159	0.10889	0.86961
-0.15246	0.094323	0.9838
-0.35454	-0.93285	0.064011
0.63931	0.51029	0.57522
0.33774	-0.91481	0.22147
0.92405	0.046649	0.37941
0.99206	-0.011328	0.12529
-0.43257	0.88807	0.1556
0.41984	0.21752	0.88115
0.17852	0.68394	0.70736
0.011107	0.77633	0.63023
-0.8331	0.28595	0.47347
-0.88262	0.39706	0.25164
0.20534	-0.47013	0.85838
0.093671	0.3218	0.94216
0.81852	0.54966	0.16704
0.97283	-0.10143	0.20813
-0.95852	-0.10129	0.26642
0.78176	-0.24385	0.57392
0.59592	-0.51228	0.61842
0.49137	-0.57678	0.6526
0.54759	-0.34836	0.76079
-0.52448	-0.79114	0.31467
-0.12751	0.60724	0.78422
0.41648	-0.76141	0.49679
0.30276	-0.79803	0.52104
0.1838	-0.95589	0.22911
-0.70922	-0.20036	0.67591
-0.35654	0.93224	0.061673
0.45829	-0.30847	0.83356
-0.87188	0.48963	0.0091443
0.084551	0.83803	0.53904
0.068054	-0.82801	0.55657
0.64306	-0.0025553	0.76581
0.62014	-0.2531	0.74254
-0.43019	-0.26458	0.8631
0.27388	-0.90688	0.32024
0.53119	-0.21523	0.81946
-0.88037	-0.47395	0.017543
-0.49542	-0.47692	0.72602
-0.26059	0.91836	0.29783
0.9139	0.40457	0.03343
-0.83851	-0.52995	0.12669
-0.018797	0.99982	0.0013565
0.52743	-0.70753	0.47034
-0.47128	-0.87787	0.085103
-0.22269	-0.72874	0.64757
-0.19807	-0.91928	0.34013
0.77008	0.2902	0.56812
0.5109	0.81306	0.27911
0.68479	0.69358	0.22364
0.17214	-0.98279	0.066957
0.89325	0.16149	0.41955
-0.63488	-0.27552	0.72182
0.92517	-0.37918	0.01695
0.23354	-0.87018	0.43388
0.15015	0.9812	0.12124
0.89718	-0.1677	0.4086
-0.11045	-0.72602	0.67875
0.41806	0.87431	0.24658
0.29325	-0.55231	0.78036
0.8713	-0.39848	0.28644
-0.50923	0.74604	0.42909
-0.23856	-0.79739	0.5543
0.62929	-0.74243	0.22974
0.58333	0.68675	0.43371
0.66899	0.73741	0.093155
0.8234	0.18179	0.53756
-0.68724	-0.4685	0.55517
0.33067	0.51996	0.78759
0.47131	0.32219	0.82101
0.72253	-0.66592	0.18575
0.469	0.88268	0.030115
0.19286	0.95216	0.23707
-0.01339	-0.99793	0.062892
-0.8437	-0.40394	0.35355
-0.23585	0.76001	0.60561
-0.27709	0.078911	0.9576
-0.50191	-0.84093	0.20227
0.14128	-0.67109	0.72779
-0.9879	0.14856	0.04454
-0.41247	-0.86205	0.29453
0.76045	0.59543	0.25921
-0.66536	0.62985	0.40073
0.88891	-0.047045	0.45567
0.8421	-0.26764	0.46822
-0.53477	-0.72932	0.42675
0.36104	0.62424	0.6928
-0.28204	0.8183	0.50083
-0.57987	0.66278	0.47379
-0.87932	0.039476	0.47459
-0.8152	0.46071	0.35098
0.070584	0.51566	0.85388
-0.67772	-0.35537	0.64375
-0.039677	0.8444	0.53425
0.18793	-0.81674	0.54555
0.055724	0.69602	0.71585
0.66329	-0.7415	0.10114
-0.39774	0.78737	0.47101
0.39892	0.69798	0.59472
-0.60438	-0.4656	0.64648
0.036914	0.2151	0.97589
0.065171	-0.21151	0.9752
0.49817	0.77312	0.39257
0.22568	0.3244	0.9186
-0.81143	0.099571	0.57591
-0.73953	0.6702	0.062706
0.12144	-0.1088	0.98662
-0.18798	0.68896	0.7
-0.16983	0.30858	0.93592
-0.55143	0.43106	0.71422
0.75002	0.64862	0.12947
0.12401	0.60459	0.78682
-0.65853	0.055908	0.75047
0.83554	0.47724	0.27226
0.25664	0.6072	0.75196
-0.095559	0.20748	0.97356
-0.92327	0.3833	0.025717
0.028882	-0.32055	0.94679
-0.045128	-0.53621	0.84288
-0.67658	0.67626	0.2914
-0.86454	0.34462	0.3658
0.16909	0.87937	0.4451
0.35415	-0.10838	0.92889
0.10567	-0.75529	0.64682
0.6636	-0.55008	0.507
0.45781	-0.8695	0.18541
0.11974	-0.38746	0.91408
-0.23263	-0.97224	0.02508
-0.079012	-0.63424	0.76909
0.56697	-0.81108	0.14384
0.58381	-0.7313	0.35267
0.057774	-0.9617	0.26793
-0.57655	0.11757	0.80856
-0.41958	0.27487	0.8651
0.4579	-0.67405	0.57964
0.77277	-0.57904	0.2599
0.90264	0.35153	0.24834
0.20385	0.51815	0.83064
-0.51011	-0.15454	0.84611
0.35277	0.32388	0.87787
-0.1664	-0.9599	0.22562
0.040733	0.8978	0.43852
-0.94315	-0.29778	0.14765
0.1109	0.11034	0.98769
0.40287	0.42457	0.81082
0.61603	0.41534	0.66933
0.79053	0.37743	0.4823
-0.20071	-0.64445	0.73783
0.13947	0.76446	0.62941
0.56563	-0.6154	0.54895
-0.64281	0.19446	0.74094
-0.18648	-0.24721	0.95085
-0.3107	0.49217	0.81317
0.52547	-0.80693	0.2697
0.42187	0.00057359	0.90666
-0.99858	0.020995	0.04896
-0.11415	0.41514	0.90257
-0.52376	-0.56437	0.6381
-0.60835	-0.76246	0.2204
0.53795	-0.0011956	0.84298
-0.73417	0.51988	0.43671
-0.96307	0.02902	0.26769
-0.61317	-0.16357	0.77283
-0.848	-0.47128	0.24248
-0.75101	-0.36805	0.5482
0.80184	0.45656	0.3855
0.083237	-0.50295	0.8603
0.28011	0.42426	0.86113
0.67508	0.65088	0.34731
0.40773	-0.52748	0.74534
0.93847	-0.18997	0.28842
0.59259	0.10729	0.79833
0.93914	-0.071755	0.33595
0.048154	-0.60672	0.79346
-0.22435	0.19687	0.95442
-0.46968	0.69865	0.53971
-0.066274	0.69785	0.71318
0.51176	0.42608	0.74603
-0.50402	0.82704	0.24892
0.47422	-0.7905	0.3876
-0.10325	0.98915	0.10452
0.67836	-0.11816	0.72517
0.84139	-0.14486	0.52065
0.91559	-0.37683	0.14036
-0.17126	-0.55165	0.8163
-0.8281	0.50831	0.23637
-0.98638	-0.040823	0.15934
-0.60237	0.31692	0.73261
-0.74629	0.028135	0.66502
0.87064	-0.48335	0.091393
0.4091	-0.86021	0.30443
-0.070392	-0.94974	0.30502
-0.48935	0.35641	0.79593
0.40762	-0.21065	0.88853
-0.97314	-0.17018	0.15503
0.05061	-0.0001032	0.99872
0.016004	0.41906	0.90782
-0.35006	-0.36854	0.86118
0.97606	0.19944	0.086736
0.16981	-0.25597	0.95165
0.70156	-0.33151	0.6308
-0.20956	-0.025038	0.97748
0.9792	0.10996	0.17054
0.77138	-0.36184	0.52349
-0.058386	0.51619	0.85448
-0.88259	0.45104	0.13269
0.23115	0.97286	0.010671
0.35283	-0.8411	0.40995
-0.011422	-0.11089	0.99377
-0.37353	0.56957	0.73216
0.72499	0.48771	0.48634
0.74401	0.55521	0.37174
-0.54177	0.60421	0.5843
-0.26246	-0.95374	0.14659
-0.77241	-0.44774	0.45046
0.82238	-0.025336	0.56837
-0.13896	-0.12782	0.98201
-0.31009	0.93357	0.17969
-0.30899	-0.26168	0.91436
-0.76205	0.6135	0.20712
-0.93823	-0.22914	0.25926
0.49184	0.70214	0.51487
-0.92213	0.099149	0.37396
0.23915	0.11255	0.96444
-0.88843	-0.2841	0.36053
-0.26343	-0.46404	0.84574
0.31087	0.91859	0.24403
0.18063	9.0788e-05	0.98355
0.50255	0.85129	0.15082
0.96148	-0.26964	0.053309
-0.18491	0.96156	0.20299
0.34809	-0.33167	0.87683
-0.82393	-0.32931	0.46119
0.36233	0.10993	0.92555
-0.81497	-0.57945	0.0076717
-0.38463	-0.16023	0.90906
0.35162	0.93603	0.014611
-0.75416	-0.094264	0.64989
-0.73721	-0.67566	0.00092662
-0.29471	-0.56228	0.77265
0.92311	-0.30642	0.23234
-0.75251	0.34114	0.56334
-0.24209	0.40458	0.88188
-0.3881	-0.90391	0.17976
-0.47047	0.88188	0.030659
-0.96432	0.2152	0.15417
-0.97032	-0.23811	0.042308
-0.10442	-0.9014	0.42021
-0.7656	-0.63226	0.11875
-0.53238	-0.65489	0.53637
-0.10005	-0.34335	0.93386
0.020782	-0.92264	0.3851
-0.62419	-0.64288	0.44395
0.95853	0.285	0.00082557
-0.95085	0.15692	0.26695
-0.35463	0.73432	0.5788
-0.027465	-0.8665	0.49843
0.54685	0.51798	0.65776
0.29953	-0.0018027	0.95409
0.29755	0.22013	0.92898
0.38566	0.84993	0.359
0.86059	0.35959	0.36066
-0.34233	-0.73114	0.59012
-0.76703	-0.26009	0.58654
-0.92343	0.27968	0.26277
0.57951	0.31953	0.74972
-0.9929	-0.10899	0.047721
-0.54146	0.83154	0.12395
0.28846	-0.23037	0.92937
-0.62268	-0.70809	0.33298
0.8275	-0.38414	0.40949
-0.43619	-0.65281	0.61933
-0.81235	-0.15315	0.56269
0.8609	0.50486	0.06299
0.73836	0.19686	0.64504
-0.39555	0.060643	0.91644
-0.70087	-0.6755	0.22909
-0.80709	0.59042	0.0033649
-0.23157	0.96908	0.085168
-0.58196	0.73922	0.33892
0.74784	-0.6614	0.057399
-0.70847	-0.61716	0.34234
0.88973	-0.28732	0.35471
-0.25119	0.59375	0.76444
0.32225	-0.44565	0.83519
0.47673	-0.10809	0.87238
-0.26277	-0.14592	0.95376
0.99603	0.07883	0.041298
0.7062	-0.22131	0.67254
-0.32074	-0.65233	0.68673
0.23478	-0.12607	0.96384
-0.63957	0.76421	0.083299
0.25338	0.90288	0.34729
-0.43339	-0.80614	0.40287
-0.91524	-0.16016	0.36972
0.27243	0.95375	0.12702
0.68053	0.3071	0.66526
0.40839	0.78348	0.46837
0.39001	0.91163	0.12968
-0.33733	-0.8088	0.48172
0.37806	-0.62676	0.68135
-0.58239	-0.80576	0.10761
-0.72931	0.14765	0.66806
-0.086456	0.89891	0.42952
0.23435	-0.35364	0.90555
-0.64539	0.56369	0.51549
-0.41186	-0.56857	0.71211
0.56917	0.61099	0.55021
-0.29692	0.29553	0.90802
0.90952	0.25	0.33208
-0.38315	-0.47261	0.79362
-0.1353	0.93808	0.3189
-0.86278	0.164	0.47824
-0.60376	0.5006	0.62038
0.17375	-0.57589	0.79885
-0.93084	0.3351	0.14576
-0.93244	-0.36006	0.030206
-0.40211	0.063545	0.90791
-0.23468	0.75677	0.60187
0.091629	-0.86757	0.47848
-0.8738	0.12661	0.45876
0.21621	0.8971	0.37214
0.080976	0.95198	0.27787
-0.64389	0.68085	0.33448
0.7239	-0.56187	0.38767
-0.94935	-0.24905	0.16348
0.24197	-0.49045	0.83122
-0.79652	0.29305	0.51932
-0.17842	-0.31702	0.92611
-0.72359	-0.47571	0.49005
-0.77934	-0.52092	0.33362
0.96968	0.18543	0.12392
-0.32157	0.93026	0.14572
0.54418	-0.33253	0.76375
0.04442	0.12027	0.9867
0.3216	0.079022	0.93827
0.23587	0.94754	0.1912
0.51174	-0.78962	0.32349
0.36112	0.43487	0.81885
0.29856	-0.12103	0.9414
-0.25492	0.48607	0.82993
-0.5957	-0.79697	0.0032839
0.44079	-0.041071	0.89109
0.41414	-0.24001	0.8723
-0.91082	-0.043841	0.39813
0.91223	0.050688	0.39407
0.19357	-0.91688	0.3345
0.4833	-0.63515	0.59417
0.51235	0.46767	0.7133
-0.49953	0.77778	0.36819
-0.69263	-0.6666	0.25678
0.53597	0.83804	0.021214
0.92319	-0.29282	0.22803
-0.0090718	-0.26802	0.95818
0.85086	0.36577	0.36369
0.78588	-0.26274	0.55081
-0.1899	0.94109	0.26136
0.75226	0.22808	0.61001
-0.45438	-0.88018	0.094062
-0.49345	-0.69848	0.50858
0.76396	0.62634	0.11871
0.93709	-0.12608	0.30983
0.87231	-0.1091	0.46604
-0.39881	0.22717	0.88282
-0.1691	-0.97733	0.079106
-0.45135	0.85752	0.22574
0.74978	0.50965	0.41001
0.20075	-0.64049	0.73451
0.78822	-0.56666	0.21823
0.50909	0.603	0.606
0.074733	-0.55258	0.82407
0.76547	-0.41923	0.47784
-0.76822	0.55649	0.3003
-0.097667	0.40842	0.90204
0.64255	0.74315	0.15776
-0.25172	0.63069	0.72725
0.21722	0.80586	0.54169
0.57491	-0.79555	0.16309
-0.70756	-0.0041208	0.69955
0.21395	0.68225	0.69194
-0.88529	0.27265	0.36325
-0.94384	0.10188	0.29802
-0.81112	-0.55098	0.16892
-0.24637	0.14973	0.95232
-0.34214	-0.71621	0.60001
0.3566	0.71148	0.59721
-0.20922	-0.47689	0.84784
0.20503	0.38306	0.89513
-0.71369	-0.68788	0.086581
-0.11789	-0.95866	0.23895
0.8401	-0.4303	0.31479
-0.15278	-0.72615	0.66286
-0.82503	-0.020347	0.55582
-0.3487	-0.35003	0.86366
-0.9159	0.38006	0.081863
0.90775	0.35404	0.20166
-0.10774	0.040593	0.98832
0.33901	-0.9354	0.011192
-0.54799	-0.75336	0.34956
0.32118	-0.71077	0.6178
-0.6796	0.30153	0.66125
0.5042	0.83605	0.19191
-0.59524	0.7737	0.19259
0.6639	-0.39729	0.62564
0.96673	0.033701	0.23307
0.46412	0.15401	0.86654
-0.25489	-0.89674	0.34772
0.64541	0.49738	0.57104
-0.07156	0.82422	0.55277
0.69916	0.64523	0.29133
0.57483	0.039998	0.81117
-0.099031	0.56718	0.8115
0.42665	-0.76102	0.47838
0.85507	0.21837	0.45956
-0.60044	-0.10636	0.78625
0.62798	0.62683	0.45028
0.39896	-0.4156	0.81125
-0.75237	-0.3144	0.57019
-0.095577	0.23216	0.9628
-0.26858	-0.03212	0.95753
0.36776	-0.573	0.72557
0.52269	-0.49147	0.6894
-0.50888	-0.41641	0.74677
0.077691	-0.97481	0.18367
0.86374	0.48774	0.077984
-0.72264	0.66473	0.16109
-0.051178	0.97913	0.16944
0.025494	-0.69451	0.71207
0.99265	0.019059	0.065567
-0.36766	-0.49681	0.77976
-0.30103	-0.93042	0.18366
-0.22498	-0.81543	0.52391
0.71895	0.078809	0.68332
-0.97136	0.21457	0.0211
0.54814	-0.15991	0.81486
-0.77639	0.14394	0.60542
-0.87918	-0.39132	0.25284
0.66944	-0.076649	0.73212
-0.046328	-0.44013	0.89116
0.1495	-0.19946	0.96327
0.78241	-0.094377	0.60741
0.056026	0.4833	0.86794
-0.64923	-0.62668	0.41929
-0.060463	0.92095	0.37179
-0.18727	0.97555	0.05714
-0.63055	-0.26669	0.72202
0.36256	0.81689	0.43734
0.92764	0.20401	0.29646
-0.53859	0.25704	0.79617
-0.39776	0.66823	0.62071
0.073289	0.87464	0.46869
0.61692	0.20388	0.75357
-0.68579	0.44122	0.57013
0.49572	0.31857	0.80175
-0.74217	-0.15866	0.64345
-0.26592	-0.62215	0.72955
-0.9442	0.24548	0.19557
0.48883	-0.86663	0.0032036
-0.45056	-0.58876	0.66361
-0.13793	-0.14739	0.97431
0.16784	-0.98043	0.024787
0.019916	-0.93698	0.33422
-0.033183	-0.80879	0.57861
0.63259	-0.54276	0.54338
0.55201	0.7588	0.33095
-0.54881	0.061866	0.82765
0.059513	0.63359	0.76488
-0.53276	0.67612	0.49906
0.36715	0.58103	0.71947
-0.89988	-0.41602	0.084681
0.19343	0.19858	0.9556
0.25912	-0.94424	0.17693
0.9379	0.33042	0.034363
0.054663	0.31131	0.94346
0.88083	-0.44333	0.13278
0.26428	-0.82724	0.48564
-0.38109	-0.80944	0.43543
0.11601	-0.38685	0.90935
-0.91331	-0.21772	0.32938
-0.67304	0.56914	0.46165
-0.98402	0.072281	0.1285
0.67637	-0.24122	0.68874
0.7617	0.37266	0.52054
-0.84599	-0.18502	0.49
0.023256	-0.078615	0.99162
-0.48905	-0.25726	0.82745
0.38062	0.91439	0.095128
0.10042	0.98624	0.0853
0.9458	-0.30507	0.049207
0.27005	-0.31753	0.90348
-0.010222	-0.99403	0.042679
0.21337	0.54209	0.80662
0.35701	-0.86621	0.33505
0.66081	-0.68831	0.28211
-0.43025	-0.85507	0.27161
-0.10399	-0.88959	0.4334
0.8157	-0.5693	0.023748
0.37399	0.87711	0.28431
-0.20374	0.8622	0.4529
0.3406	0.27044	0.89492
-0.63444	-0.42111	0.64045
-0.87082	0.40852	0.25456
-0.62981	0.77003	0.02056
-0.83241	-0.35433	0.41421
0.97446	-0.14145	0.14297
-0.55303	0.41464	0.71572
-0.58181	-0.78696	0.17948
0.48904	0.72133	0.48015
0.82949	0.065509	0.5456
-0.58604	-0.56502	0.57213
0.71646	-0.68143	0.11119
0.15044	-0.76761	0.61495
-0.45118	-0.097887	0.88141
-0.24988	0.32484	0.90668
-0.32947	0.8744	0.34189
-0.37075	0.78219	0.49065
-0.6548	0.15078	0.73384
0.81783	0.50933	0.24853
0.58217	-0.67456	0.4428
0.17485	0.00015749	0.97952
-0.96467	-0.073668	0.23239
-0.089469	0.70652	0.69487
-0.79319	0.4313	0.41815
-0.55137	0.55406	0.61565
-0.40569	0.38982	0.82066
0.070748	0.76514	0.63212
-0.4091	0.53662	0.73124
0.86917	-0.27681	0.39741
-0.8303	0.53232	0.13139
-0.98796	-0.10161	0.060347
0.64194	0.3551	0.6722
-0.31385	-0.19513	0.92382
-0.09554	-0.59734	0.78999
-0.48519	0.86674	0.058137
0.42327	-0.88367	0.17319
-0.37977	0.15458	0.91755
-0.29184	0.81685	0.50756
0.19567	-0.78652	0.59424
-0.87503	0.10832	0.48231
0.13916	0.96666	0.23713
-0.0053808	0.99494	0.14171
-0.7042	0.66413	0.27028
0.79685	-0.43499	0.43109
-0.92293	-0.31495	0.24295
0.32049	-0.34647	0.88728
-0.81216	0.28999	0.51607
-0.11608	-0.20032	0.97797
-0.66231	-0.47244	0.59006
-0.71901	-0.54508	0.44265
-0.85771	-0.52358	0.015048
0.95944	0.29459	0.052132
-0.036066	-1.0032	0.048021
-0.41197	0.91613	0.031744
0.60583	-0.17014	0.78361
0.065665	0.26481	0.96726
0.34661	0.24323	0.91144
0.14773	0.9929	0.048377
0.60457	-0.69105	0.40862
0.34638	0.58414	0.74083
0.34375	0.042362	0.94343
-0.27719	0.57803	0.774
-0.51781	-0.84952	0.14214
0.47686	0.12831	0.87531
0.46953	-0.074933	0.88541
-0.89705	-0.073523	0.44713
0.92441	0.19357	0.34353
0.2982	-0.84644	0.45237
0.56951	-0.50136	0.65903
0.49142	0.61613	0.62363
-0.56784	0.77917	0.28367
-0.6198	-0.6928	0.38197
0.9645	-0.171	0.22476
0.050158	-0.13084	0.99518
0.82996	0.49702	0.27235
0.8344	-0.10806	0.54966
-0.27691	0.95596	0.13957
0.75309	0.38574	0.54229
-0.36442	-0.90594	0.23771
-0.40806	-0.66962	0.62859
0.96439	0.0079605	0.28271
0.90286	0.041002	0.43952
-0.39381	0.31418	0.86961
-0.068573	-0.97761	0.22272
-0.53229	0.8428	0.12796
0.71547	0.63721	0.30346
0.29097	-0.51354	0.81341
0.85624	-0.45783	0.25938
0.47088	0.7352	0.49777
0.15854	-0.42526	0.89669
0.82723	-0.27618	0.49943
-0.81768	0.52364	0.25927
-0.10897	0.52601	0.84939
0.57572	0.82341	0.024044
-0.29202	0.70762	0.65117
0.15508	0.90014	0.41919
0.66322	-0.71384	0.24615
-0.68675	0.028399	0.73321
0.16933	0.79825	0.58664
-0.90451	0.23895	0.36713
-0.94828	0.054082	0.32842
-0.75343	-0.60154	0.28374
-0.23055	0.26154	0.94259
-0.25121	-0.65981	0.71524
0.30648	0.8274	0.48116
-0.13351	-0.37356	0.92339
0.19739	0.5286	0.83165
-0.64453	-0.74028	0.21584
-0.013641	-0.93133	0.37745
0.89784	-0.30337	0.33448
-0.057895	-0.6427	0.77046
-0.80794	-0.019457	0.59739
-0.28587	-0.25831	0.92821
-0.95556	0.30278	0.072475
0.88284	0.46762	0.10935
-0.079079	0.17124	0.98714
0.43528	-0.89719	0.12495
-0.46264	-0.75214	0.47987
0.4151	-0.58869	0.70083
-0.6908	0.32983	0.65118
0.42853	0.90758	0.051839
-0.66948	0.74094	0.11329
0.72797	-0.24292	0.6489
0.97546	0.15887	0.18241
0.47978	0.3212	0.82259
-0.15384	-0.86721	0.48404
-0.22008	-0.96991	0.14446
0.61728	0.63806	0.47103
-0.13646	0.89251	0.4414
0.64695	0.75041	0.16843
0.60062	0.21035	0.77784
-0.12941	0.67097	0.73694
0.52142	-0.64857	0.56347
0.85228	0.36439	0.38842
-0.56593	-0.050786	0.82896
0.58266	0.748	0.33321
0.46995	-0.25986	0.84949
-0.7048	-0.30318	0.64912
-0.087047	0.35944	0.93448
-0.23433	0.079158	0.97409
0.45161	-0.43174	0.78719
0.59779	-0.341	0.73239
-0.44401	-0.35632	0.8282
0.18258	-0.93667	0.31517
-0.7875	0.61585	0.10297
-0.14451	0.99391	0.03585
0.11964	-0.5872	0.80679
0.99734	0.12285	0.015821
-0.29293	-0.41819	0.86564
-0.2023	-0.92855	0.32695
-0.12607	-0.75828	0.64741
0.73716	0.24445	0.63786
-0.76401	-0.6427	0.11511
-0.99661	0.1241	0.037352
0.59411	0.009356	0.81053
-0.77399	0.15578	0.62185
-0.83509	-0.43712	0.34867
0.70477	0.091969	0.71054
0.02785	-0.31527	0.95386
0.20269	-0.046781	0.98324
0.81584	0.067275	0.58302
0.036696	0.6103	0.79763
-0.57477	-0.62573	0.53677
-0.14116	0.964	0.24658
-0.58215	-0.22241	0.78846
0.29645	0.91006	0.30648
0.92114	0.33371	0.22398
-0.54014	0.31823	0.7855
-0.44607	0.71588	0.54641
0.0011195	0.94447	0.3435
0.62443	0.36926	0.69553
-0.38278	-0.92744	0.058021
-0.71417	0.45527	0.54103
0.49274	0.47876	0.7335
-0.70781	-0.13673	0.70024
-0.17978	-0.54044	0.82803
-0.96658	0.18236	0.20613
0.57856	-0.81562	0.10032
-0.37083	-0.53419	0.76626
-0.090903	-0.020743	1.0007
0.26835	-0.95637	0.1529
0.12579	-0.88302	0.46311
0.067742	-0.72559	0.69206
0.70844	-0.40243	0.58837
0.48902	0.85509	0.19924
-0.52965	0.12748	0.84454
0.021568	0.74552	0.67361
-0.58656	0.69351	0.43014
0.33435	0.71601	0.62094
-0.64476	-0.76995	0.03855
-0.85904	-0.48769	0.18503
0.20638	0.35251	0.91824
0.36149	-0.88993	0.29559
0.055222	0.44976	0.89704
0.93393	-0.33845	0.15247
0.36526	-0.72891	0.58762
-0.28646	-0.77981	0.56557
0.18614	-0.24419	0.95695
-0.88431	-0.25665	0.40268
-0.71793	0.56833	0.41425
-0.99135	-0.0034022	0.16503
0.72687	-0.07737	0.68971
0.74498	0.51777	0.43236
-0.81459	-0.19476	0.55546
0.064641	0.065533	1.0008
-0.43743	-0.1845	0.8858
0.98243	-0.20658	0.046683
0.33368	-0.16136	0.93416
0.70688	-0.71045	0.074891
0.091473	-0.98431	0.18111
0.15676	-0.99259	0.014744
0.18674	0.67505	0.72073
0.45727	-0.78037	0.43813
0.74268	-0.58193	0.34613
-0.33674	-0.85329	0.41051
-0.00010691	-0.8335	0.56152
0.87756	-0.4856	0.064083
0.29671	0.94925	0.14465
-0.27642	0.90347	0.34259
0.34492	0.42938	0.84065
-0.57322	-0.38813	0.72856
-0.90734	0.36006	0.23898
-0.78641	-0.37281	0.50258
0.99787	-0.027602	0.11631
-0.57325	0.46224	0.68391
-0.49894	-0.81309	0.31618
0.43457	0.8331	0.35653
0.84491	0.22208	0.49683
-0.51239	-0.53652	0.67796
0.79213	-0.59418	0.17173
0.24925	-0.66194	0.71396
-0.41366	-0.014558	0.9158
-0.25328	0.42898	0.87284
-0.40767	0.88779	0.23591
-0.43482	0.81332	0.39934
-0.64824	0.1925	0.74347
0.77842	0.62032	0.1389
0.66771	-0.55278	0.50854
0.20855	0.15665	0.97056
-0.9537	-0.132	0.28819
-0.13779	0.79393	0.60059
-0.82617	0.41347	0.39561
-0.58902	0.58689	0.56448
-0.41922	0.46655	0.78525
0.015113	0.85858	0.52215
-0.44047	0.59957	0.67567
0.91433	-0.13603	0.39437
-0.93546	-0.35964	0.074832
-0.88328	0.46955	0.096781
-0.98006	-0.18659	0.12125
0.63156	0.51054	0.59203
-0.26448	-0.09222	0.96518
-0.0091187	-0.49089	0.87691
0.52014	-0.81455	0.27567
