-0.1525	-0.6413	0.75198
0.78492	0.53782	0.30765
0.17153	0.01099	0.98512
0.8205	-0.43319	0.37299
-0.81303	-0.27754	0.51181
-0.47401	-0.30503	0.826
0.089227	-0.07768	0.99298
-0.16382	0.96081	0.22361
-0.57131	-0.33371	0.74983
-0.35522	-0.70975	0.60834
-0.76223	-0.57838	0.29066
0.70493	-0.70907	0.017268
0.44142	0.48045	0.75784
-0.36814	-0.27114	0.88936
0.40877	-0.89235	0.19135
-0.87344	0.484	0.053402
0.73268	-0.098842	0.67336
-0.45815	-0.63746	0.61946
0.70184	0.016595	0.71214
0.90891	0.21872	0.35502
-0.63963	-0.56738	0.51861
-0.4785	-0.81771	0.31997
0.077053	-0.97823	0.19269
0.081267	0.99453	0.065644
-0.049376	-0.054803	0.99728
-0.89491	0.033242	0.445
0.0073461	-0.16574	0.98614
-0.95104	-0.30903	0.0044883
-0.42881	-0.052792	0.90185
-0.35167	-0.92306	0.15587
-0.033609	-0.99252	0.11733
-0.35597	0.67525	0.64601
0.25119	0.88718	0.38707
0.88435	-0.33401	0.32613
-0.64227	0.51747	0.56543
-0.17443	-0.017436	0.98452
-0.91243	0.15067	0.3805
0.76335	-0.322	0.56001
0.55966	0.14389	0.81614
0.66283	0.71148	0.23336
-0.79743	-0.60231	0.036492
0.29023	0.82579	0.48357
-0.66607	0.10724	0.73814
0.8673	-0.43247	0.24652
0.30165	-0.67107	0.67725
-0.47092	0.86157	0.18957
0.90998	0.31758	0.26662
0.3003	-0.57238	0.76302
-0.94453	0.25497	0.20702
0.28035	0.94474	0.16993
-0.50093	0.040998	0.86452
-0.74037	0.66687	0.084403
-0.84745	0.26366	0.46078
-0.053667	-0.37336	0.92613
-0.6142	0.67303	0.41205
-0.30492	-0.87054	0.38625
0.59423	-0.77821	0.20318
-0.16515	-0.43109	0.88707
-0.45398	-0.87019	0.19151
-0.9584	-0.083449	0.27295
-0.39096	0.49622	0.77519
0.734	0.45012	0.50856
0.75351	-0.21215	0.62227
0.48893	0.79296	0.36353
0.071465	0.81413	0.57627
-0.86522	0.46974	0.17529
0.028196	0.37718	0.92571
-0.54192	0.55255	0.63325
-0.9902	0.13818	0.020171
-0.5682	0.13612	0.81156
0.95932	-0.01811	0.28175
-0.045773	-0.97171	0.2317
0.97373	0.08724	0.21032
0.89829	0.40414	0.17246
-0.73143	0.64805	0.21224
-0.53631	-0.08547	0.83968
0.71475	0.68959	0.1166
-0.36919	0.89904	0.23542
-0.24377	-0.11482	0.96301
-0.0872	-0.93781	0.33601
-0.0591	0.99244	0.10752
0.39767	0.90336	0.16065
-0.65842	0.73355	0.16849
0.035992	0.9837	0.17615
-0.07524	-0.25221	0.96474
0.48318	-0.28085	0.82925
-0.0090032	0.92826	0.37182
0.20829	0.93601	0.28372
-0.96432	0.25093	0.084402
0.78654	0.23375	0.57159
0.71902	-0.6118	0.32972
-0.40798	0.28597	0.86705
-0.31423	0.59718	0.738
0.76101	-0.42733	0.48811
-0.84715	0.36938	0.38198
0.78673	0.0082548	0.61724
0.26691	-0.89798	0.34984
-0.72264	-0.68493	0.093082
0.72522	0.54825	0.41651
0.34249	0.40451	0.84798
-0.11442	-0.88605	0.44924
-0.34453	0.86487	0.36511
-0.89544	-0.40391	0.18721
0.40539	-0.58924	0.69889
-0.6443	0.70583	0.29441
-0.10788	0.68562	0.71992
0.064517	-0.40977	0.9099
0.19676	-0.96883	0.15054
0.6143	-0.78533	0.07672
-0.67564	-0.65721	0.33405
0.40348	-0.48638	0.77501
-0.67924	0.5779	0.45241
-0.27718	-0.35757	0.8918
0.7415	-0.52955	0.41201
0.50588	-0.59262	0.62681
0.87936	-0.116	0.4618
-0.047219	-0.48496	0.87326
-0.6086	0.4401	0.66024
-0.64126	-0.76659	0.033387
-0.44225	-0.73173	0.51864
0.38336	-0.8681	0.31534
-0.01927	0.7562	0.65406
0.082018	0.95467	0.28614
-0.93611	0.35137	0.015382
-0.69905	-0.019472	0.71481
0.39318	-0.37609	0.83903
-0.97932	0.14038	0.1457
0.53463	-0.069852	0.84219
-0.355	-0.14852	0.92299
0.81295	-0.10759	0.57231
0.44536	0.16488	0.88004
0.49448	-0.82849	0.26286
-0.24318	-0.76918	0.59096
0.3911	0.28283	0.87581
0.58788	-0.2993	0.75155
-0.89948	0.35563	0.25388
-0.031701	-0.77097	0.63608
0.66256	-0.69769	0.27246
-0.85416	-0.50782	0.11195
0.34705	-0.83018	0.43631
0.075572	-0.62086	0.78027
0.85413	0.22841	0.46721
0.93856	0.10087	0.33005
0.93112	-0.12421	0.34292
0.16362	0.85648	0.48956
-0.55082	-0.804	0.22401
-0.1447	0.50796	0.84914
-0.54906	-0.8297	0.10062
-0.44836	-0.89152	0.064553
-0.53892	0.75866	0.36606
0.3101	0.50984	0.80243
0.20006	-0.80439	0.55941
-0.74103	-0.37026	0.56016
0.50736	0.25873	0.82198
0.12398	0.91209	0.39079
0.73055	0.34609	0.58866
0.66182	0.13233	0.73789
0.96889	0.2443	0.039654
0.1919	-0.64409	0.74049
0.071153	-0.51956	0.85147
-0.20021	-0.91583	0.34809
-0.37725	-0.50735	0.77477
-0.26724	-0.93074	0.24961
-0.14507	-0.73285	0.66475
-0.56259	0.78925	0.24612
-0.9198	0.36998	0.13072
-0.86155	-0.3956	0.31816
-0.045555	0.28083	0.95868
-0.034902	-0.68513	0.72758
0.27214	0.31672	0.90864
0.25432	-0.23289	0.93866
-0.58021	0.62069	0.52736
-0.16559	0.30567	0.93763
-0.7155	0.61074	0.33918
0.08345	-0.79358	0.60272
-0.60532	0.010332	0.79592
-0.29187	0.30717	0.90579
0.92731	0.37024	0.054877
0.38213	0.57381	0.72437
0.83005	-0.53262	0.16532
0.04822	-0.94837	0.31348
-0.01913	0.49373	0.86941
-0.25763	0.91987	0.29576
-0.98507	-0.086461	0.14889
0.49411	0.047368	0.86811
0.69833	0.63628	0.32785
-0.47244	0.65285	0.5921
-0.73164	-0.47355	0.49036
0.51116	0.84658	0.1484
0.52373	0.72021	0.45498
-0.31135	-0.016002	0.95016
0.57406	-0.74906	0.3307
0.66577	-0.20187	0.71833
0.007717	-0.90665	0.42181
0.4199	-0.046818	0.90636
0.21031	0.97588	0.058548
0.9993	0.010304	0.035969
0.07798	0.25532	0.96371
-0.017856	-0.84663	0.53189
-0.66068	-0.35566	0.66107
-0.82948	0.047343	0.55653
-0.19075	0.6026	0.77491
-0.70216	-0.67683	0.22107
0.59669	-0.60964	0.52183
0.98454	0.13971	0.10568
-0.73283	0.47425	0.4879
-0.7047	0.40115	0.58522
0.21688	-0.111	0.96987
0.59968	-0.40861	0.68806
0.57403	0.54406	0.61196
0.87103	0.48547	0.074978
0.26456	0.61564	0.74229
0.54393	0.46862	0.69608
-0.24132	0.085661	0.96666
-0.15951	-0.96545	0.20605
-0.63445	-0.11606	0.7642
0.2236	0.43639	0.87153
-0.15938	-0.5399	0.8265
0.29481	-0.92702	0.23179
0.28121	-0.35218	0.89269
-0.092567	0.0672	0.99344
-0.99598	0.025678	0.085808
-0.92355	-0.19186	0.33204
0.1089	0.73795	0.66601
-0.71523	0.20413	0.66841
-0.09346	0.40245	0.91066
-0.8734	-0.29126	0.39031
0.14154	-0.91009	0.38949
0.96887	-0.12406	0.21424
0.4736	0.5932	0.65101
-0.34235	-0.9392	0.026516
0.88829	-0.22835	0.39849
0.045172	-0.29102	0.95565
-0.65674	-0.46502	0.59368
0.061854	0.57605	0.81507
-0.14808	0.76341	0.62871
0.68949	-0.70966	0.14484
0.66325	0.74823	0.015752
-0.57276	-0.44817	0.68636
-0.17761	0.97807	0.10875
-0.73842	-0.26025	0.6221
-0.23378	0.68656	0.68846
0.18156	-0.43863	0.88014
0.80258	0.34232	0.48855
0.33219	0.94172	0.053007
0.33953	-0.14058	0.93003
0.59863	0.72232	0.34627
0.83138	-0.32939	0.44756
-0.27417	-0.47335	0.83712
0.41238	0.77605	0.47718
0.20902	-0.97753	0.027172
-0.43225	0.58011	0.69039
0.84465	-0.53381	0.040277
0.42035	-0.75901	0.4972
-0.2362	0.20226	0.95042
-0.76603	0.28979	0.57378
0.70515	0.24032	0.66709
0.2511	0.10184	0.96259
0.92217	-0.33279	0.19709
0.98848	-0.01203	0.15089
-0.80807	0.58907	0.0038714
-0.79137	0.37229	0.48491
0.032182	0.8777	0.47813
-0.94307	-0.3047	0.13331
-0.53914	-0.65448	0.53008
-0.47346	-0.53466	0.69998
-0.94341	0.032715	0.33
-0.80936	-0.38385	0.44452
0.79966	-0.52594	0.2897
-0.27006	0.50859	0.81756
-0.28415	0.94432	0.16591
0.6532	0.45067	0.60846
-0.27409	0.75846	0.59127
0.45001	0.89195	0.043722
0.56602	-0.18594	0.80315
0.50005	-0.39205	0.77217
-0.51877	0.2626	0.81358
0.95124	0.20066	0.23427
0.65521	0.54994	0.51794
-0.56109	-0.55507	0.61407
-0.1381	-0.98836	0.063793
-0.46202	0.16446	0.87149
0.20077	0.78836	0.58153
0.0004465	0.15901	0.98728
0.45634	-0.16506	0.87436
-0.99581	-0.088557	0.022777
0.29524	-0.46607	0.83403
0.1643	-0.32308	0.932
0.89262	-0.43474	0.1193
-0.050611	0.96559	0.25511
-0.38176	-0.39353	0.8363
-0.13617	0.92851	0.34545
-0.05829	0.82679	0.55948
-0.22617	0.88008	0.41751
-0.57527	0.80892	0.12128
-0.65942	0.75077	0.038807
-0.34745	0.18293	0.91968
-0.65358	-0.23969	0.7179
0.089551	-0.99348	0.070529
-0.56914	0.35445	0.74192
0.1507	0.34863	0.92507
-0.064417	0.59553	0.80075
-0.042285	-0.58915	0.80691
0.94766	0.28265	0.14851
-0.95217	0.14828	0.26718
0.083182	-0.713	0.69622
-0.2251	-0.84959	0.477
0.55931	0.79034	0.25008
-0.13325	-0.81645	0.56183
-0.97712	0.029263	0.21066
-0.47996	0.87426	0.072924
-0.75332	0.077295	0.65309
-0.67044	0.32033	0.66925
-0.59487	-0.74038	0.31299
0.75529	0.61942	0.21413
-0.61034	-0.6625	0.43425
-0.8038	-0.16576	0.57135
0.91601	-0.0080486	0.40108
-0.33123	-0.79489	0.50836
-0.46143	-0.18205	0.8683
0.60128	-0.51269	0.61287
0.75418	-0.62271	0.20844
-0.90345	0.26281	0.33869
-0.9094	-0.41186	0.05803
0.63961	-0.087452	0.76371
-0.22019	0.41169	0.88432
0.79984	0.59239	0.096608
0.61206	0.24656	0.75139
0.75088	0.12503	0.64849
0.39732	-0.6851	0.61055
0.18809	-0.54581	0.81652
0.17373	-0.94623	0.27288
0.32555	0.75243	0.5726
-0.5198	-0.7445	0.41895
0.15961	0.97175	0.17384
0.50682	-0.49664	0.70462
-0.70976	-0.56935	0.41483
-0.77605	0.50121	0.38279
0.55187	0.36195	0.75128
0.42464	-0.90303	0.064986
0.14366	0.64906	0.74705
-0.25874	-0.67978	0.68626
0.23498	0.70802	0.66595
-0.42816	0.79438	0.43085
0.88964	0.11115	0.44293
-0.79555	0.17535	0.57996
-0.40871	-0.81202	0.41662
-0.3847	0.07054	0.92034
0.9339	-0.23089	0.27297
-0.1693	-0.31384	0.93426
-0.097784	0.88428	0.4566
-0.84147	0.4519	0.29616
-0.86092	0.14922	0.48636
0.86212	0.33415	0.38091
0.55137	0.63693	0.53881
-0.56127	-0.21268	0.79984
0.33101	0.90165	0.27833
-0.8096	0.57263	0.12899
0.20165	-0.7317	0.65111
0.61778	0.77488	0.13385
0.31352	-0.94327	0.10933
0.56126	0.82705	0.031233
0.82714	0.11792	0.54949
-0.39466	0.74097	0.54333
-0.5083	0.713	0.48297
0.46437	-0.79806	0.38402
0.54517	-0.71398	0.43935
-0.50375	0.47158	0.72378
-0.72336	-0.14353	0.67539
0.037386	0.037261	0.99861
0.85841	0.00036377	0.51296
0.20079	0.22479	0.9535
0.51465	-0.847	0.13315
0.37424	0.8455	0.38088
-0.24465	-0.9628	0.11475
-0.97687	-0.19924	0.077673
-0.78254	-0.048619	0.6207
0.77444	-0.62702	0.084202
0.10272	-0.86218	0.49607
0.12434	0.13022	0.98366
0.3751	0.07268	0.92413
-0.46017	0.38233	0.80129
0.44549	0.69275	0.56713
0.80024	0.44493	0.40206
0.9414	-0.33044	0.067613
-0.91588	-0.080277	0.39335
0.64411	-0.64345	0.41363
0.98967	-0.11641	0.083671
-0.1241	0.17955	0.97589
0.64392	0.35357	0.67849
-0.26906	0.96266	0.030005
0.68184	-0.31356	0.66089
0.49737	-0.67723	0.5422
0.82816	-0.22067	0.51523
-0.26651	-0.5809	0.7691
-0.63731	-0.75345	0.1617
0.019007	0.67267	0.73969
0.37168	-0.25993	0.89123
0.18568	0.54635	0.81672
-0.7923	0.554	0.25562
0.9633	-0.22767	0.1422
0.35699	0.66782	0.65312
0.60412	0.028374	0.79639
-0.79272	-0.48419	0.37035
-0.91706	-0.29985	0.26284
0.1027	0.46728	0.87812
0.67935	-0.52649	0.51116
0.44757	0.85407	0.26502
0.23467	-0.85547	0.46162
0.52992	-0.84804	0.0032738
0.13232	-0.20114	0.97059
-0.1326	-0.1511	0.97959
-0.4806	-0.42404	0.7676
-0.78553	-0.59621	0.16575
0.31283	-0.76548	0.56229
-0.87159	-0.18229	0.45508
-0.835	-0.49505	0.24023
-0.34476	0.40457	0.84703
0.68692	-0.42163	0.59191
-0.37434	-0.88144	0.28799
-0.31217	0.81758	0.48384
-0.25198	-0.2319	0.93954
0.85461	0.43109	0.28949
-0.36715	-0.61259	0.69995
-0.95869	-0.19605	0.2061
-0.8566	-0.069528	0.51127
0.63042	0.64223	0.43602
0.29839	-0.019721	0.95424
0.45053	0.3741	0.8106
-0.37471	0.92317	0.085768
0.32369	0.1934	0.92618
0.83454	0.51601	0.19308
0.97552	-0.21957	0.012282
-0.62124	0.23243	0.74835
-0.45489	0.83428	0.31152
-0.18776	0.82829	0.5279
-0.94317	-0.082644	0.15873
-0.060576	0.27097	0.91897
0.32674	0.67613	0.59808
-0.78836	0.49647	0.23153
-0.32636	0.37384	0.82179
0.62865	0.38324	0.61606
-0.61187	0.29843	0.67687
0.41725	0.55283	0.66474
0.66961	-0.6362	0.26168
0.12448	0.94795	0.086599
0.14958	-0.87576	0.36369
-0.033477	0.95941	0.0044568
0.55724	0.53105	0.57365
0.76999	0.55538	0.14237
-0.68436	0.40063	0.54106
-0.55681	-0.2782	0.73087
-0.17929	0.89968	0.2829
-0.41154	0.49785	0.71019
-0.43829	0.79071	0.32292
0.54335	0.7719	0.17476
-0.33722	-0.89794	0.039855
0.75473	-0.25334	0.53648
0.8481	-0.22159	0.39144
0.51276	0.73595	0.34213
-0.30908	0.085023	0.9049
0.41878	0.85895	0.091845
0.87801	0.074785	0.38093
-0.5343	-0.73875	0.30063
-0.28548	-0.41748	0.81597
-0.80011	0.10391	0.52021
-0.87233	-0.37802	0.13322
0.12626	0.91649	0.25635
-0.45104	-0.82851	0.17817
-0.4633	0.04062	0.83982
-0.20274	-0.69445	0.63106
-0.28389	0.82814	0.39394
0.12211	-0.95217	0.0076072
-0.4881	-0.82652	0.01485
-0.11352	0.83868	0.45313
0.67345	0.67989	0.076237
-0.59353	-0.7426	0.13368
0.73739	0.53317	0.30591
0.29096	-0.8065	0.43186
-0.40434	0.72467	0.48267
-0.65799	-0.15581	0.68144
-0.55761	-0.43652	0.64816
-0.00049253	0.66148	0.69574
0.22324	0.77871	0.51514
-0.03349	-0.018259	0.95924
-0.60525	-0.61835	0.41583
0.83243	-0.084529	0.47066
-0.25472	0.51814	0.76697
0.85177	-0.3424	0.2808
-0.021998	-0.75295	0.59513
0.76636	-0.49741	0.29474
0.47014	-0.3476	0.76141
-0.7286	-0.50766	0.36472
0.41577	-0.85082	0.15759
0.035323	-0.44714	0.84877
0.2494	-0.59982	0.70684
0.28941	-0.87611	0.26508
0.35116	0.42683	0.78492
0.60631	0.62172	0.40922
0.84343	0.41094	0.20333
-0.79971	0.2953	0.44142
0.80324	0.38533	0.35767
-0.36211	-0.090265	0.88449
-0.58034	0.72466	0.24429
0.073256	-0.1561	0.94439
-0.65129	-0.4802	0.51656
0.88166	0.24777	0.28789
0.59191	0.24776	0.71404
-0.29738	-0.88948	0.20493
0.54963	-0.5848	0.5268
0.36851	-0.48232	0.74375
-0.71576	-0.633	0.09269
-0.75794	-0.35983	0.46652
-0.40108	-0.25536	0.83398
-0.8402	-0.2308	0.40297
0.21959	0.14153	0.92377
0.11882	-0.69437	0.65217
-0.80417	0.52037	0.064205
-0.030301	0.94417	0.17093
0.16338	-0.31995	0.89025
0.46381	-0.034804	0.8398
-0.95106	0.079421	0.10385
-0.78445	-0.51538	0.20152
-0.81857	-0.50063	0.030241
0.55516	0.78317	0.0063271
-0.098599	0.75169	0.58893
0.55789	-0.68219	0.38076
0.1452	-0.0065952	0.94893
-0.67652	0.59979	0.32275
-0.82688	-0.38003	0.30569
0.71734	0.21518	0.6006
-0.91148	0.2117	0.21445
-0.37574	-0.81701	0.33603
-0.60085	0.74521	0.072452
0.39127	-0.18671	0.85653
-0.55542	0.45887	0.63447
0.54934	-0.75637	0.21847
-0.00085652	-0.30121	0.91152
0.19038	0.42678	0.83858
0.91517	-0.19182	0.21741
-0.017029	-0.85337	0.43939
-0.47029	0.82348	0.14933
-0.30909	-0.77194	0.47976
0.37323	0.76917	0.43666
-0.40353	-0.5333	0.68874
0.27552	-0.71635	0.57666
-0.86729	0.15553	0.38109
0.66963	-0.54609	0.4183
-0.46405	-0.70798	0.45279
0.31033	-0.019006	0.90826
0.75436	-0.58151	0.11992
-0.068216	-0.6393	0.71291
0.86054	0.42341	0.042307
-0.66933	-0.63793	0.25815
0.60558	-0.04969	0.74324
-0.84253	-0.038756	0.45851
-0.76983	-0.18308	0.54354
-0.67501	-0.31526	0.60546
0.74132	-0.06722	0.60624
-0.080888	0.53911	0.7902
0.83532	-0.44962	0.14724
0.74109	0.34472	0.50354
-0.17959	0.64452	0.68844
0.53515	0.11089	0.78925
-0.36148	-0.66115	0.59482
0.42688	-0.70888	0.48669
-0.62358	0.54683	0.48344
-0.54524	0.67708	0.40728
0.49871	0.40965	0.71069
0.093878	0.85436	0.42761
-0.20914	-0.047253	0.93575
-0.43548	-0.39364	0.75961
0.16507	0.6799	0.65733
0.00082136	-0.91434	0.29256
0.67378	0.080953	0.67902
-0.70449	0.63317	0.15618
-0.15373	-0.79904	0.50941
0.20734	-0.46875	0.81172
-0.11361	-0.50841	0.80636
0.53393	-0.19812	0.77283
0.077056	-0.5782	0.76246
0.27441	0.91994	0.0029068
-0.8741	0.37365	0.13395
-0.74782	0.45702	0.39178
0.14131	-0.93001	0.19159
0.68214	0.49106	0.46384
-0.89813	-0.10021	0.32392
0.65053	-0.69997	0.091946
-0.60506	-0.0052267	0.7453
0.32115	-0.33681	0.83966
0.82391	0.2164	0.44265
-0.1877	0.93471	0.11263
-0.51574	-0.58249	0.56242
0.13138	-0.79951	0.5149
0.096463	0.55341	0.77848
-0.72934	0.24101	0.57583
0.94506	-0.16526	0.033832
0.11781	0.28458	0.90925
0.61127	-0.33772	0.65871
0.51887	-0.47877	0.6505
0.76951	-0.38222	0.42821
-0.89952	-0.24311	0.23101
-0.48726	0.60075	0.56858
0.95086	0.12417	0.045318
-0.24887	-0.56784	0.73295
0.90657	-0.063682	0.30932
-0.14806	-0.36021	0.87746
0.23764	-0.17105	0.91426
-0.40157	0.21385	0.84535
-0.54766	0.1701	0.7699
0.42834	-0.79301	0.33055
-0.15823	0.39961	0.85841
0.44801	0.27307	0.80394
-0.32814	0.87514	0.21922
0.47283	0.65969	0.51268
0.90203	-0.31151	0.10439
-0.13759	0.1157	0.94302
0.27368	0.90334	0.17514
-0.17713	-0.94168	0.058789
-0.0094625	-0.95326	0.11316
0.017135	0.41807	0.86401
-0.10658	-0.17587	0.93772
0.29028	0.28586	0.86926
0.27123	-0.91684	0.086293
0.39914	0.83183	0.26524
-0.74099	-0.029066	0.60966
-0.93221	-0.22112	0.060801
0.92895	0.10499	0.21825
-0.33871	0.63334	0.637
-0.025286	0.90007	0.33291
-0.33699	0.89772	0.046175
-0.23619	0.24683	0.89715
0.66726	-0.19276	0.66273
-0.19778	-0.86616	0.36365
0.25252	0.85619	0.35322
0.384	0.12948	0.87027
-0.25413	0.7499	0.54284
-0.51199	-0.12906	0.80176
0.40378	-0.60731	0.62429
0.7934	0.074361	0.53534
0.26106	0.56273	0.73265
0.5276	-0.80095	0.041397
0.055911	0.77635	0.56192
-0.92907	0.23791	0.042694
0.041905	0.13595	0.9494
-0.67798	0.11811	0.66933
-0.84741	0.34079	0.29557
0.9498	-0.034042	0.13535
-0.91803	0.050806	0.27613
0.65104	0.66202	0.24387
-0.14055	-0.92325	0.22238
-0.47769	0.34421	0.75824
0.66362	-0.43207	0.5427
-0.2561	-0.23386	0.89517
0.91299	0.26914	0.12494
-1.0014	-0.16024	0.2304
-0.061436	0.42381	0.94774
0.3004	0.84677	0.52378
-0.89469	0.48496	0.21434
-0.3624	0.49161	0.84177
0.65799	0.56767	0.57131
-0.66705	0.35976	0.71219
0.41366	0.73459	0.60899
0.79967	-0.57074	0.34115
0.26905	-0.86398	0.51259
0.56354	0.71168	0.50747
0.77455	0.69335	0.03077
-1.0261	-0.16339	0.045769
-0.76111	0.44067	0.55509
-0.54339	-0.24195	0.85311
-0.28031	0.98549	0.17841
-0.47162	0.59822	0.70803
-0.5461	0.84884	0.2507
0.50812	0.90632	0.044779
-0.26467	-0.98696	0.19354
0.85984	-0.11124	0.57437
0.95177	-0.090011	0.40944
0.48509	0.89044	0.23108
-0.30953	0.19777	0.97297
0.95153	0.22783	0.35252
-0.48481	-0.7972	0.45938
-0.23293	-0.34991	0.95127
-0.85445	0.10888	0.5828
-0.89405	-0.47225	0.24342
0.046077	1.0306	0.13191
-0.38981	-0.90328	0.33724
-0.47322	0.12465	0.91767
-0.12049	-0.66545	0.7901
-0.38125	0.91544	0.3134
0.23488	-1.0029	0.1437
-0.43585	-0.92995	0.16378
-0.19672	0.95316	0.3666
-0.55422	-0.83293	0.28401
0.74773	0.69135	0.21102
0.41632	-0.76516	0.56816
-0.49661	0.80626	0.43002
-0.66742	-0.12919	0.78706
-0.5301	-0.42372	0.78807
-0.047025	0.81267	0.64727
0.17481	0.93302	0.42487
0.00049881	0.12397	1.0326
-0.57012	-0.65828	0.56854
0.92291	0.066838	0.47473
-0.30282	0.64459	0.7579
0.9648	-0.23556	0.30865
0.079259	-0.71496	0.7511
0.89007	-0.40763	0.351
0.57157	-0.20649	0.84396
-0.71683	-0.56053	0.50355
0.54568	-0.84173	0.27443
0.11706	-0.34379	0.97453
0.3591	-0.50665	0.83424
0.41617	-0.86518	0.39984
0.36043	0.61173	0.75992
0.60065	0.78832	0.31523
0.8715	0.55599	0.11388
-0.87758	0.30118	0.46984
0.83653	0.54817	0.28516
-0.34844	0.0020903	0.97989
-0.69482	0.75178	0.18347
0.12988	-0.014558	1.0318
-0.63103	-0.50007	0.65828
0.93339	0.39864	0.22686
0.63661	0.43429	0.69837
-0.21672	-0.94858	0.36719
0.67442	-0.48753	0.62376
0.47603	-0.36339	0.85026
-0.69925	-0.73469	0.22998
-0.76077	-0.39012	0.59215
-0.37437	-0.18588	0.95231
0.36067	-0.97534	0.015296
-0.86565	-0.2705	0.50901
0.25457	0.31497	0.95791
0.22668	-0.6293	0.79636
-0.92035	0.48324	0.032238
-0.12866	1.0311	0.044194
0.24275	-0.18857	0.99354
0.53372	0.1388	0.88174
-1.0294	0.0035643	0.14784
-0.78205	-0.59947	0.33262
-0.82658	-0.61343	0.14856
-0.16633	0.8826	0.52435
0.68859	-0.61302	0.48131
0.19137	0.15309	1.0107
-0.7821	0.62066	0.29105
-0.83865	-0.44335	0.42628
0.77117	0.39495	0.57525
-0.99712	0.16576	0.24469
-0.30424	-0.85914	0.50091
0.47262	-0.028213	0.92598
-0.62513	0.53032	0.63998
0.68155	-0.71793	0.31884
0.064557	-0.18208	1.0219
0.18916	0.60347	0.82562
-0.59536	-0.84699	0.098727
1.0145	-0.078033	0.21505
0.089864	-0.84551	0.59887
-0.59039	0.85397	0.061377
-0.23213	-0.78222	0.64486
0.33459	0.92613	0.33455
-0.35217	-0.50509	0.83813
0.39515	-0.64832	0.71073
-0.93742	0.13582	0.42941
0.79559	-0.45056	0.49561
-0.40697	-0.73389	0.61431
0.36914	0.15048	0.96057
0.87995	-0.52541	0.17675
0.021416	-0.58031	0.86278
0.057324	-1.0351	0.082333
-0.64272	-0.70987	0.4057
0.68459	0.1226	0.77325
-0.88694	-0.057209	0.54007
-0.78993	-0.19084	0.64899
-0.67123	-0.31279	0.73021
0.82777	0.096773	0.62211
-0.11699	0.68829	0.77083
0.95387	-0.37216	0.18229
0.77924	0.5208	0.45072
-0.2384	0.77515	0.65108
0.59299	0.29389	0.80224
-0.29642	-0.65166	0.75437
0.55416	-0.63867	0.60548
-0.71354	0.59413	0.46848
-0.64598	0.72952	0.36347
0.51857	0.59709	0.67541
0.024095	0.98717	0.32637
-0.18645	0.07148	1.0207
-0.39914	-0.34841	0.89493
0.12796	0.84336	0.59495
0.11039	-0.93125	0.44966
0.7416	0.25921	0.6815
-0.82184	0.62793	0.10896
-0.060761	-0.79074	0.67278
0.30338	-0.35496	0.92928
-0.038286	-0.4309	0.94576
0.62453	-0.038643	0.83071
0.17309	-0.49265	0.89941
-0.97728	0.33015	0.13239
-0.84096	0.47153	0.38992
0.2598	-0.9491	0.33663
0.69846	0.66493	0.38938
-0.94503	-0.14911	0.40778
0.77989	-0.66676	0.16968
-0.62439	0.046753	0.8304
0.41272	-0.1982	0.9338
0.88015	0.38295	0.40035
-0.47229	-0.5884	0.71577
0.24664	-0.76128	0.66424
0.072107	0.71987	0.74712
-0.79104	0.27099	0.6184
1.0372	-0.074738	0.012814
0.12891	0.45508	0.92622
0.71884	-0.19726	0.72523
0.63427	-0.35853	0.74213
0.88581	-0.26389	0.47676
-0.93442	-0.31603	0.32953
-0.56944	0.67865	0.54477
-0.12476	-1.0318	0.036826
-0.18022	-0.5194	0.8828
0.9947	0.071961	0.29493
-0.088876	-0.26531	1.0017
0.3075	-0.018347	0.99333
-0.42527	0.31673	0.89467
-0.58063	0.24355	0.82774
0.5592	-0.75224	0.45058
-0.18275	0.5419	0.86865
0.48209	0.46038	0.79827
0.95467	-0.41255	0.0032774
-0.44031	0.93434	0.12137
0.45648	0.83106	0.42727
0.51313	-0.90068	0.084159
1.0092	-0.22446	0.1124
-0.12674	0.25386	1.0005
0.20339	1.0192	0.039326
-0.086782	-1.0144	0.21221
0.097057	-1.0013	0.26368
0.0043791	0.58038	0.86298
-0.061957	-0.055055	1.0367
0.31314	0.46793	0.8744
0.39454	-0.93789	0.21519
0.34954	0.96942	0.14016
-0.77314	-0.013349	0.69547
-0.97815	-0.32195	0.14549
0.99728	0.24037	0.17106
-0.41046	0.73909	0.6057
-0.11265	1.0093	0.22411
-0.24881	0.37677	0.93688
0.76362	-0.036163	0.70511
-0.10621	-0.88921	0.52879
0.19212	0.99393	0.2383
0.43107	0.3107	0.894
-0.33535	0.85775	0.48312
-0.3007	-0.99545	0.016202
-0.50868	-0.0673	0.90461
-0.92661	-0.46896	0.055461
0.52324	-0.51153	0.73902
0.866	0.24238	0.52239
0.24676	0.73961	0.68825
0.65657	-0.79486	0.13679
-0.0035206	0.92057	0.48387
-1.0251	0.16564	0.057583
0.064677	0.2948	0.99524
-0.71903	0.15934	0.73431
-0.93914	0.32254	0.30915
1.0318	0.08138	0.10185
-0.98454	0.0027698	0.33508
-0.73047	-0.73861	0.049654
0.63852	0.8106	0.12973
-0.043473	-0.96595	0.38295
-0.52453	0.4348	0.78576
0.78126	-0.3104	0.61227
-0.2183	-0.13874	1.0073
0.95895	0.3997	0.047426
