-0.59232	0.79439	0.13453
-0.87145	-0.4076	0.27282
-0.61161	0.74016	0.27946
0.18748	-0.058395	0.98053
0.7109	-0.49605	0.49855
-0.51668	0.21277	0.82932
0.74746	0.47927	0.46
0.89068	-0.074647	0.44845
-0.18697	0.88763	0.4209
0.74506	-0.66678	0.017041
0.29363	-0.87428	0.38654
-0.037418	0.6298	0.77585
0.60137	0.32983	0.72771
0.10431	0.69342	0.71295
0.25068	0.95051	0.18353
-0.89991	0.39793	0.17836
0.20645	-0.94811	0.24179
-0.99695	-0.030653	0.071744
-0.52203	-0.84961	0.075105
-0.29529	-0.92603	0.23508
-0.22923	0.21591	0.94912
-0.61403	0.66774	0.42082
0.71031	-0.087925	0.69838
0.71607	-0.66703	0.20569
-0.17108	0.6938	0.69955
0.95083	0.16617	0.26137
-0.88752	0.31775	0.33368
-0.97474	-0.20403	0.090837
-0.37534	-0.84864	0.37274
0.53487	0.73717	0.41291
0.3603	0.51079	0.78056
-0.62406	0.31652	0.7144
0.72221	0.23896	0.64908
-0.31365	0.45008	0.83609
0.95704	0.003771	0.28993
-0.13774	-0.20645	0.96871
0.61349	0.16447	0.77238
-0.8564	-0.11284	0.50383
-0.11816	-0.66449	0.73789
-0.84088	-0.52069	0.14765
0.235	0.60786	0.75847
-0.28989	-0.28812	0.91266
0.12217	-0.98867	0.0872
0.76306	-0.3372	0.55139
-0.0073842	-0.4375	0.89919
0.62813	0.53692	0.56318
-0.77294	-0.057902	0.63184
0.5098	-0.50587	0.69584
-0.53825	0.054187	0.84104
0.72539	0.077564	0.68396
0.81175	-0.42076	0.40499
-0.46819	0.8817	0.058359
0.39266	0.74863	0.5342
0.44761	-0.65513	0.60865
-0.065656	0.29686	0.95266
0.098587	-0.53555	0.83873
-0.25832	0.04813	0.96486
0.51669	0.64991	0.55737
-0.38978	0.1337	0.91115
-0.67404	-0.17208	0.71837
0.37923	-0.77741	0.50182
0.041297	-0.96972	0.2407
-0.11102	-0.53761	0.83585
-0.26294	-0.60115	0.75464
-0.12654	-0.96219	0.24122
-0.19054	0.94714	0.2581
-0.62685	-0.49932	0.59811
0.48416	0.24346	0.84043
0.29425	-0.71521	0.63395
-0.60085	0.57681	0.55342
-0.035107	0.86179	0.50605
-0.18313	0.8034	0.56658
-0.8598	0.054863	0.50767
0.98274	-0.10539	0.15207
0.77292	-0.55379	0.30968
0.60567	-0.0029168	0.79571
-0.84413	0.21657	0.49045
0.76662	0.62351	0.15341
-0.45406	-0.86157	0.22701
0.20247	0.10885	0.97322
0.0093528	-0.28468	0.95858
-0.36958	-0.92541	0.083862
-0.55394	-0.11018	0.82524
0.53135	-0.70795	0.46526
0.81931	0.0025369	0.57335
-0.72231	0.53262	0.44111
0.55656	-0.34333	0.75655
-0.26949	-0.4594	0.84636
-0.91643	-0.16404	0.36503
0.96962	0.22457	0.09695
-0.98802	0.14047	0.063842
-0.57159	0.46751	0.67433
0.043914	0.038216	0.9983
-0.18691	0.97895	0.082026
-0.20508	-0.97435	0.092625
0.6405	-0.76184	0.096751
0.85625	0.48094	0.18851
-0.41364	-0.37165	0.83113
0.34109	0.0093443	0.93998
0.98986	0.059286	0.12911
0.25699	0.72739	0.63628
0.47232	-0.086848	0.87714
-0.29174	-0.81012	0.50853
-0.47651	0.71521	0.51129
-0.97332	0.073826	0.21725
-0.7748	-0.22975	0.58898
-0.69595	0.42712	0.57726
-0.76726	0.10911	0.63198
-0.95098	0.24125	0.19351
-0.49906	-0.5963	0.62878
-0.424	-0.20007	0.88329
-0.8009	-0.43713	0.40923
-0.66685	-0.0034067	0.74519
0.36681	-0.89813	0.24251
-0.57472	-0.65369	0.49234
-0.15077	-0.36934	0.91698
0.38599	0.92007	0.066935
-0.041807	0.9357	0.35032
0.66691	-0.6242	0.40695
-0.65734	-0.33277	0.67614
-0.82103	0.4705	0.32332
0.2626	-0.48557	0.83382
0.94658	-0.27103	0.17471
-0.35768	0.29509	0.88599
-0.096841	0.12778	0.98706
-0.039344	0.99922	0.0027824
0.39315	0.62995	0.66977
-0.80157	0.59725	0.027696
0.58896	-0.17451	0.7891
-0.92945	-0.00057311	0.36895
-0.1198	-0.04026	0.99198
-0.43168	0.50722	0.74591
-0.27797	-0.12036	0.95302
-0.85139	-0.28839	0.43813
-0.54711	-0.2755	0.79043
0.15148	-0.38198	0.91167
0.88588	0.25141	0.38988
0.65433	0.74642	0.12127
0.34753	0.17899	0.92042
0.20896	0.2808	0.93674
0.22124	0.45439	0.86289
0.28101	-0.9555	0.089768
0.90224	0.088393	0.42208
-0.036582	-0.77068	0.63617
-0.32836	0.9314	0.15707
0.92016	0.38669	0.061535
-0.47964	0.79392	0.37368
0.4011	0.88678	0.22967
0.60737	-0.73329	0.30558
0.5267	0.8446	0.096142
0.25691	0.83141	0.4927
0.048598	-0.85347	0.51887
0.43437	-0.89576	0.094526
-0.12475	-0.84834	0.51455
-0.77394	-0.55882	0.29789
-0.52255	-0.77043	0.3652
0.4516	-0.25424	0.85523
0.84264	0.53785	0.025942
-0.65265	0.15959	0.74067
-0.43885	-0.73958	0.51033
0.65406	0.62484	0.42635
-0.032205	0.76258	0.6461
-0.59893	-0.77256	0.21077
0.064003	0.20547	0.97657
0.30501	-0.32347	0.89573
-0.97055	-0.093914	0.22184
0.17077	-0.22238	0.95989
-0.48164	0.36345	0.79745
-0.88802	0.45945	0.018084
0.09377	0.99031	0.10247
0.025688	-0.12557	0.99175
-0.047734	0.47026	0.88124
-0.040728	-0.99523	0.088686
0.40269	0.83012	0.38568
0.89382	-0.31685	0.31733
0.36396	-0.57634	0.73169
-0.33515	0.81385	0.47469
-0.69611	-0.55278	0.4581
0.68601	-0.25934	0.6798
0.76765	0.56046	0.3108
-0.78637	-0.61729	0.023935
0.47404	0.40055	0.78412
0.41478	-0.42057	0.80689
-0.2114	-0.90087	0.37913
0.10997	0.89632	0.42956
-0.41246	-0.033077	0.91037
-0.21113	-0.74576	0.63188
0.1296	-0.91339	0.3859
0.82338	0.16505	0.54296
0.84425	0.40788	0.34767
0.53898	0.8016	0.2587
0.81676	-0.56341	0.12441
-0.9319	-0.26559	0.24702
0.20702	-0.63048	0.74809
-0.72807	0.62064	0.29108
0.53108	-0.82358	0.19918
0.23307	0.97225	0.020094
-0.66272	-0.74698	0.053132
0.52347	0.51149	0.68144
0.68271	0.39953	0.61178
-0.35951	-0.67792	0.64123
-0.82026	0.54418	0.17618
-0.94912	0.31346	0.030237
0.64358	-0.42397	0.63722
0.66311	0.69471	0.27869
0.58729	-0.57987	0.56466
-0.040239	-0.92219	0.38463
-0.30394	0.60775	0.73366
0.45894	-0.81407	0.35589
-0.72864	-0.66134	0.17808
0.48302	0.080869	0.87187
0.93751	-0.15592	0.31105
0.21373	-0.82516	0.5229
-0.46034	0.61942	0.63593
0.91858	0.32548	0.22421
-0.92097	0.16109	0.35477
-0.17524	0.54713	0.8185
0.10441	0.95708	0.27035
0.97325	-0.22862	0.022927
-0.32475	0.72181	0.61116
0.7959	-0.16394	0.58281
0.86598	-0.44671	0.22481
-0.65638	-0.67398	0.33898
-0.80158	0.37432	0.46622
-0.74417	0.27002	0.61098
-0.19139	0.37952	0.90517
0.91392	-0.3988	0.075547
-0.71336	0.68901	0.12801
0.85774	-0.24072	0.45424
0.036282	-0.65327	0.75626
0.34497	0.34655	0.8723
0.092583	0.54857	0.83097
0.080785	0.38161	0.92078
-0.53553	-0.43645	0.72299
-0.40367	-0.52571	0.74879
-0.74111	-0.3876	0.5482
0.1281	-0.75109	0.64765
-0.33201	0.88529	0.32563
-0.92274	-0.36875	0.11216
0.11545	0.80693	0.57925
-0.04841	0.98196	0.18276
-0.46541	0.85584	0.2257
0.32583	-0.15828	0.93208
0.79679	0.32693	0.50817
0.25766	0.90395	0.34131
-0.80489	-0.408	0.38222
0.20366	0.81409	0.50615
0.030846	0.1655	0.96543
-0.59664	0.45052	0.6336
0.2701	-0.94133	0.036657
0.073023	-0.38699	0.89739
-0.70849	0.66863	0.10668
0.49234	-0.84725	0.013244
-0.56208	0.26241	0.75869
0.90975	-0.35419	0.08543
-0.11137	-0.6661	0.71014
-0.11846	-0.25893	0.93772
0.054121	0.40079	0.89266
0.232	0.66858	0.67792
-0.36582	0.28997	0.86168
0.16744	0.91553	0.30688
-0.91338	-0.24824	0.25401
-0.55678	-0.80642	0.0088618
-0.4609	0.066721	0.86228
0.69684	-0.45168	0.52038
-0.06288	0.95563	0.20788
0.5227	-0.747	0.3594
-0.4989	-0.57566	0.61654
-0.12907	-0.47873	0.84532
-0.20142	-0.94927	0.13682
0.83357	-0.41053	0.31148
-0.2443	0.092828	0.94451
0.12058	-0.16493	0.95847
-0.87548	0.35428	0.26157
0.95791	0.015073	0.20633
-0.52321	-0.37609	0.73838
0.31673	-0.50596	0.77723
0.88959	0.17055	0.37409
-0.84145	0.49719	0.071872
0.0044684	0.75677	0.62264
0.58122	-0.064906	0.78636
0.60654	0.56655	0.52108
-0.056786	-0.92823	0.30915
-0.10555	-0.81746	0.53012
-0.42066	0.64694	0.60408
0.87639	-0.039819	0.43676
0.62852	-0.73478	0.15957
-0.42334	0.77906	0.41744
0.21234	0.041167	0.95583
-0.20453	0.65565	0.69906
0.32459	-0.67311	0.63401
-0.18158	0.48575	0.83155
-0.23551	0.94955	0.057272
-0.32347	-0.54414	0.74811
-0.46468	-0.74967	0.42717
0.84972	0.47836	0.097754
-0.86488	0.18692	0.42124
-0.94955	0.13856	0.19887
0.61741	0.37154	0.6642
-0.064328	-0.039279	0.9771
0.32379	-0.80712	0.45179
0.52203	-0.46762	0.68499
0.28322	-0.31637	0.88323
0.96954	-0.14056	0.025325
-0.58771	-0.74761	0.2368
-0.7526	0.55099	0.30068
-0.97031	-0.080391	0.11153
-0.41941	0.86927	0.16992
-0.40205	0.48237	0.75238
-0.55896	0.80493	0.0063756
-0.14643	0.29102	0.92427
-0.93552	-0.29188	0.0031412
-0.68735	-0.1877	0.67284
0.39953	-0.86707	0.2213
0.69775	-0.59553	0.3448
0.71008	0.66485	0.11897
0.10871	-0.86092	0.4554
0.24764	0.26737	0.90972
0.77612	0.16836	0.57418
0.38248	0.83919	0.33146
-0.91445	-0.034407	0.35071
0.6225	0.15579	0.74069
0.10053	-0.57696	0.78575
-0.9317	0.30265	0.027285
-0.51229	-0.15964	0.82004
0.5364	0.81049	0.12564
0.9415	0.23662	0.13414
-0.7414	-0.5871	0.25698
-0.63787	-0.5922	0.45037
0.79482	-0.5583	0.13022
-0.64751	0.033875	0.73484
0.032109	-0.97556	0.0875
-0.58326	0.73892	0.27243
-0.30805	-0.72128	0.58759
0.85712	0.37391	0.29314
0.52656	-0.62718	0.53831
0.37319	-0.1047	0.90009
-0.75869	0.40234	0.47213
-0.40715	-0.87034	0.19273
0.027455	0.5952	0.77807
0.81608	-0.25141	0.48084
0.74925	-0.049463	0.62975
-0.24783	0.89405	0.31568
0.44541	0.33643	0.8055
0.57444	0.71879	0.33729
-0.73035	0.2265	0.61294
0.1075	-0.73768	0.63614
-0.27091	-0.86372	0.37548
0.34098	0.91199	0.11138
-0.8611	-0.44795	0.13511
-0.82567	-0.20791	0.48522
0.75727	0.37992	0.49256
0.43365	0.1162	0.87112
0.25402	0.48555	0.81247
-0.6064	0.60932	0.47054
0.67241	-0.26511	0.6618
-0.8023	0.0065352	0.56273
0.73559	0.56163	0.32231
-0.33179	-0.33893	0.85758
-0.026694	0.88022	0.43001
0.12688	0.96746	0.091249
-0.30747	-0.12123	0.92258
0.18457	-0.92765	0.25651
0.4181	0.71294	0.5266
0.44242	0.5427	0.68567
-0.22082	0.79512	0.5286
-0.72738	-0.65532	0.043259
-0.68346	-0.39834	0.57845
0.92217	-0.20152	0.26342
0.49115	-0.28178	0.79985
-0.77741	-0.44122	0.49128
0.14368	0.92944	0.39483
0.048176	0.3148	0.96901
-0.64243	0.49676	0.61718
0.79352	-0.6407	0.015453
0.37872	-0.93361	0.15919
0.14692	-0.25774	0.9759
-0.79913	0.63198	0.048834
0.59814	-0.81875	0.11077
-0.58276	0.32561	0.77121
0.98141	-0.26146	0.094193
-0.021395	-0.58966	0.83201
-0.063192	-0.13925	1.0085
0.045278	0.54772	0.85927
0.19411	0.80825	0.59115
-0.37893	0.38829	0.86374
0.088745	1.0006	0.1769
-0.91076	-0.30686	0.3417
-0.49213	-0.88046	0.15167
-0.45409	0.15007	0.90093
0.78625	-0.31836	0.56644
-0.15725	1.0046	0.080457
0.63114	-0.66203	0.45142
-0.43515	-0.54869	0.74161
-0.054522	-0.37933	0.94527
-0.10503	-0.97328	0.28651
0.91625	-0.29347	0.33876
-0.22977	0.21019	0.9713
0.17517	-0.016328	1.0047
-0.93392	0.31597	0.26146
0.99705	0.1398	0.16353
-0.47685	-0.32846	0.83972
0.40737	-0.37354	0.85727
-0.03142	-1.018	0.054922
0.91598	0.31725	0.31738
-0.92013	0.43798	0.044003
-0.052486	0.86824	0.53273
0.63558	0.10614	0.79067
0.58694	0.71727	0.42594
0.048456	-0.91216	0.45389
-0.005878	-0.77082	0.66798
-0.81389	-0.61458	0.016339
-0.48173	0.71115	0.55009
0.92636	0.1094	0.41266
0.73247	-0.66851	0.23871
-0.50471	0.81894	0.33912
0.24862	0.20367	0.96804
-0.25565	0.75526	0.6361
0.42792	-0.56528	0.73331
-0.20963	0.60275	0.79571
-0.2523	-0.4798	0.86403
-0.38821	-0.75167	0.56981
-0.90001	0.16883	0.4493
-0.99033	0.078212	0.23136
0.62343	0.53938	0.60068
-0.028634	0.097145	1.015
0.43472	-0.72962	0.56487
0.61268	-0.32764	0.74678
0.35664	-0.16677	0.94095
-0.52235	-0.78964	0.3795
-0.82583	0.53553	0.26759
-0.99207	-0.16125	0.17375
-0.51859	0.87544	0.071141
-0.44022	0.566	0.72543
-0.14979	0.4201	0.91732
-0.93783	-0.3907	0.090682
-0.66859	-0.16098	0.75331
0.51135	-0.81758	0.33239
0.79607	-0.49164	0.40616
0.21782	-0.80537	0.5868
0.26004	0.43237	0.88648
0.8057	0.3333	0.52929
0.3201	0.94704	0.20262
-0.93075	-0.073418	0.41075
0.65377	0.32984	0.71006
0.19128	-0.46632	0.88677
-0.99486	0.22302	0.030322
-0.48522	-0.093368	0.89233
0.95452	0.35481	0.058303
-0.69741	-0.63712	0.38483
-0.58302	-0.60374	0.57964
0.88523	-0.4755	0.17513
-0.64825	0.079319	0.78351
0.13771	-0.98459	0.22807
-0.67108	0.74075	0.20335
-0.22348	-0.68358	0.72331
0.85843	0.51073	0.20652
0.62888	-0.51244	0.61832
0.42834	0.061646	0.92365
-0.81074	0.40769	0.46571
-0.32423	-0.90429	0.34284
-0.006508	0.72764	0.71477
0.88747	-0.10706	0.49125
-0.27331	-0.97697	0.10599
0.80246	0.11542	0.61898
-0.33854	0.93914	0.20932
0.45394	0.50727	0.75961
0.53151	0.84323	0.21646
-0.75824	0.25083	0.63447
0.21002	-0.6525	0.75534
-0.17758	-0.85725	0.52344
-0.84	-0.52407	0.24527
-0.81616	-0.22288	0.56974
0.76136	0.53644	0.41589
0.46695	0.28988	0.85926
0.24058	0.64248	0.75481
-0.67469	0.63469	0.42703
0.74647	-0.10858	0.68658
-0.81158	0.010771	0.61775
0.71412	0.69565	0.21565
-0.27845	-0.25403	0.94781
-0.10425	0.96346	0.31822
-0.27366	-0.018791	0.98242
0.29638	-0.89563	0.38782
0.37687	0.84975	0.41989
0.42525	0.70092	0.60686
-0.29292	0.87164	0.44141
-0.68322	-0.73716	0.17381
-0.64594	-0.39053	0.68604
0.98456	-0.077468	0.25504
0.56538	-0.12316	0.83999
