0.762	0.57993	0.28816
0.030651	-0.91714	0.39739
-0.46809	-0.15976	0.86912
-0.59508	-0.77336	0.21861
-0.26796	-0.93119	0.24713
-0.54599	0.82639	0.13771
0.57716	-0.6504	0.49382
-0.3297	0.66859	0.66655
-0.2634	0.96245	0.065704
0.96951	-0.06026	0.23752
-0.4165	0.75134	0.51188
0.84974	-0.20846	0.48424
-0.9667	-0.25169	0.046398
-0.81451	-0.56079	0.14863
0.80844	-0.047834	0.58663
0.39852	0.38414	0.83284
-0.59823	-0.047713	0.7999
0.46244	-0.88119	0.098234
-0.32902	0.3935	0.85843
0.73636	-0.53148	0.41869
0.44306	0.81343	0.37686
0.86209	0.113	0.494
0.11504	-0.44536	0.88793
0.23807	0.68082	0.69268
-0.54902	-0.42503	0.71967
0.83588	-0.54417	0.071936
-0.12289	-0.7078	0.69564
-0.78372	0.43677	0.4416
0.31991	-0.82081	0.47321
0.86889	0.42777	0.24907
0.78907	0.2708	0.5514
-0.93714	0.21442	0.27531
0.6148	-0.78838	0.021861
0.22035	0.40049	0.88941
0.46364	-0.41485	0.78291
-0.83072	-0.46707	0.3029
0.42059	0.62225	0.66024
-0.86853	0.48044	0.12181
-0.98657	0.13112	0.097401
0.34247	-0.10391	0.93377
0.6543	0.27602	0.70406
-0.70882	0.064503	0.70243
-0.72874	0.34796	0.5898
0.28195	-0.94592	0.16041
-0.6547	0.53641	0.53257
0.67687	-0.060058	0.73365
0.053336	-0.27868	0.9589
0.21485	-0.91145	0.35086
0.29413	-0.44017	0.84838
-0.010321	-0.5899	0.80741
-0.24113	0.55841	0.79375
-0.2314	0.79543	0.56013
-0.42297	0.51161	0.7479
-0.21118	0.93996	0.26808
0.92474	-0.38002	0.02097
0.2565	0.96263	0.08696
-0.37677	-0.5123	0.77175
-0.94167	0.31363	0.12207
-0.22098	-0.076775	0.97225
0.98688	0.10361	0.12381
-0.82708	-0.015191	0.56188
0.89671	-0.39372	0.2022
-0.73175	0.58226	0.35429
0.39235	-0.87451	0.28511
-0.70492	-0.31782	0.6341
-0.43638	-0.87193	0.22206
0.074589	0.8948	0.44018
0.51483	-0.075551	0.85396
-0.55093	0.12914	0.8245
-0.068862	-0.43207	0.89921
-0.70344	-0.65106	0.28512
-0.25314	-0.39899	0.88132
0.65951	-0.67768	0.32527
0.69396	0.70187	0.16065
0.53304	0.43264	0.72711
0.32958	0.23105	0.91542
0.50191	-0.55419	0.66404
0.57814	-0.22591	0.78404
-0.088297	-0.96392	0.2511
-0.55706	-0.82909	0.047926
0.79765	-0.54859	0.2506
-0.4222	0.0040245	0.90649
-0.41395	-0.73389	0.53857
-0.50256	0.61272	0.60993
-0.049277	0.57551	0.81631
0.82536	0.55372	0.11036
-0.86604	0.41073	0.28507
-0.65217	0.24393	0.71776
0.8442	-0.38133	0.37671
0.64775	-0.50234	0.57278
-0.4001	0.21388	0.89117
0.51798	0.69669	0.49631
-0.99511	-0.054578	0.082306
-0.013153	0.95684	0.29032
0.35654	0.90324	0.23882
0.17464	0.94681	0.27028
0.678	0.57875	0.45317
0.32558	0.53442	0.78
-0.099131	0.9869	0.12729
0.41574	-0.70166	0.57865
0.74459	0.11497	0.65755
-0.27796	0.092657	0.95611
-0.64659	-0.49297	0.58215
-0.48974	-0.59328	0.63889
-0.77044	0.6101	0.18496
-0.12386	0.89218	0.43437
-0.68587	0.72527	0.059772
-0.030067	0.25594	0.96622
0.88239	0.27708	0.38029
-0.72183	-0.54727	0.42362
-0.72519	-0.12829	0.67649
0.15896	0.80235	0.5753
0.078061	0.065305	0.99481
0.79388	0.43346	0.42647
-0.43064	-0.34289	0.83485
0.34614	0.76137	0.54818
-0.1414	0.42711	0.89307
0.14071	-0.83695	0.52888
0.76003	-0.36027	0.54089
-0.14225	0.69938	0.70045
-0.70689	-0.70195	0.08703
-0.58179	0.68396	0.44014
-0.22228	-0.9721	0.074872
0.5324	0.82113	0.20567
-0.34101	-0.84949	0.40259
0.097961	-0.97129	0.21678
0.90858	-0.050653	0.41462
-0.91365	-0.36527	0.17837
0.60554	0.094562	0.79017
0.43619	0.079592	0.89633
-0.03067	-0.10075	0.99444
0.91821	0.39211	0.055922
0.61623	0.7136	0.33322
-0.8901	-0.28504	0.35564
0.51298	0.24563	0.82251
0.41401	-0.26248	0.87161
0.49072	-0.77522	0.39779
-0.59678	-0.24439	0.76428
0.062671	-0.72787	0.68284
0.077982	0.99106	0.10821
0.62004	-0.37024	0.69172
-0.039002	-0.99633	0.076248
0.13904	0.56276	0.81484
-0.09976	0.083548	0.9915
-0.96624	0.023492	0.25658
-0.50411	0.33195	0.7973
0.14947	0.23764	0.95978
0.24349	-0.72616	0.64297
-0.045556	-0.82809	0.55874
0.26432	0.86962	0.41702
0.73039	-0.21263	0.64909
-0.036285	0.81259	0.5817
0.16969	-0.59755	0.78367
0.34169	-0.58602	0.73473
-0.13076	-0.25965	0.95681
-0.4385	0.89868	0.0090229
-0.15823	-0.89569	0.41559
0.71449	-0.6851	0.14192
-0.38247	0.90132	0.20334
0.23735	-0.28064	0.93
0.050193	0.70255	0.70986
0.15782	-0.11338	0.98094
-0.21206	0.26348	0.94107
-0.7894	-0.38237	0.48026
0.99618	-0.068017	0.054818
0.69128	0.41913	0.58861
0.56677	-0.79454	0.21789
0.25777	0.059926	0.96435
0.59921	0.8	0.030819
-0.91268	-0.09738	0.3969
0.041301	0.41915	0.90698
0.94245	0.11336	0.31455
-0.82519	-0.20239	0.52735
-0.48429	0.80938	0.3322
-0.95933	-0.17265	0.22332
0.43361	0.89913	0.059514
-0.23338	-0.79457	0.56053
-0.85898	0.27181	0.4339
-0.30798	-0.66344	0.68191
-0.7961	0.17285	0.57996
-0.31056	-0.21859	0.92508
-0.31552	0.86146	0.39792
-0.63858	0.72423	0.2602
0.57308	0.55441	0.60349
0.94398	0.26762	0.19309
-0.58816	0.44121	0.6778
-0.39339	-0.91803	0.049567
0.15483	-0.98741	0.032419
-0.89137	-0.45299	0.015756
0.96603	-0.23242	0.11297
-0.9008	0.09003	0.42481
0.92525	-0.22574	0.30488
-0.1938	-0.56174	0.80429
-0.51185	-0.77287	0.37508
-0.58638	-0.65354	0.47859
0.45895	0.12306	0.86851
-0.18614	0.29548	0.92636
0.6444	0.21562	0.71997
0.58806	0.67687	0.41968
-0.94827	-0.084753	0.27148
0.44599	-0.14148	0.87245
-0.92732	0.18172	0.29522
-0.35129	-0.81118	0.44574
-0.84	0.43188	0.29663
-0.07107	0.81058	0.56393
0.13641	-0.8662	0.45955
-0.72869	-0.45809	0.48914
-0.02126	-0.10627	0.98405
0.77225	-0.5703	0.24183
-0.81404	0.55987	0.063039
-0.24206	0.054975	0.95838
-0.54849	-0.46046	0.68355
0.37019	-0.91723	0.04179
0.62255	-0.30718	0.70582
0.37113	0.81604	0.42004
0.19099	-0.25677	0.93685
0.90042	0.374	0.17167
-0.35345	-0.64795	0.6598
0.59515	-0.77622	0.15289
-0.11996	-0.59834	0.77955
-0.68768	0.49391	0.51308
-0.8461	-0.2266	0.46138
-0.52235	0.68782	0.4839
0.77967	0.49329	0.35899
-0.49185	0.50735	0.69338
0.39589	-0.38451	0.8219
0.31397	-0.60183	0.72064
-0.68935	0.65356	0.27886
0.41802	0.63935	0.62976
-0.80264	0.26525	0.51528
-0.98572	0.06839	0.06152
-0.85677	-0.49488	0.033743
-0.54952	-0.78537	0.24764
-0.62952	0.7637	0.023949
0.9715	-0.17479	0.075785
0.654	-0.050953	0.74147
0.97943	0.079849	0.12016
0.13726	0.9001	0.38869
-0.025069	0.64052	0.75445
-0.63649	0.27694	0.70589
-0.87817	-0.37647	0.25921
0.92724	-0.083858	0.33659
0.49699	0.83477	0.19044
0.094385	-0.72072	0.67212
-0.32753	-0.43571	0.82642
0.36382	-0.75455	0.52762
-0.28182	-0.19096	0.92963
-0.24877	0.51084	0.81071
0.81535	0.040954	0.56003
-0.10736	0.9266	0.33166
0.78462	0.30063	0.52354
-0.68594	0.024316	0.71344
-0.49405	0.82717	0.22761
-0.31727	-0.91308	0.21385
-0.081247	-0.35882	0.9191
0.91067	0.18302	0.34248
-0.56141	-0.65595	0.4844
0.82328	0.54982	0.0016865
-0.50833	-0.22094	0.82029
-0.29565	0.69378	0.64138
-0.93276	0.3268	0.057134
0.89694	-0.41773	0.033016
0.45414	0.39553	0.78576
0.80272	-0.21452	0.53826
-0.70044	-0.69946	0.015678
0.18243	0.7529	0.6164
-0.4276	0.28714	0.84547
-0.73676	-0.60534	0.26616
0.54384	-0.54462	0.62268
0.59131	-0.68517	0.40125
0.39077	-0.85885	0.29964
0.23822	0.0029966	0.96091
0.2535	0.28317	0.91414
0.2355	0.54552	0.79186
-0.13037	-0.79252	0.5788
-0.96183	-0.22796	0.055015
0.26414	0.94034	0.16149
0.12093	-0.49532	0.84861
-0.69883	-0.23007	0.66242
0.01196	0.98284	0.11822
0.027764	0.15378	0.97759
0.62126	0.4814	0.60199
-0.48305	0.035499	0.86342
0.03095	0.42567	0.89328
-0.27771	0.9403	0.13718
0.73689	-0.45602	0.47868
-0.84614	0.019795	0.51358
-0.3226	0.8363	0.42027
0.16307	-0.95301	0.21278
0.88605	-0.33369	0.28924
-0.093342	-0.92075	0.35158
0.70633	0.66812	0.18658
-0.056543	-0.98389	0.09411
0.48258	0.2931	0.83744
-0.18749	0.41275	0.90254
0.65624	0.38257	0.66565
0.54187	0.79758	0.30057
-0.94419	-0.13726	0.33132
0.49653	0.026466	0.87912
-0.94929	0.13609	0.31692
-0.25857	-0.78505	0.58047
-0.88614	0.39619	0.27908
-0.13556	0.88941	0.45898
0.24229	-0.79147	0.57877
-0.67597	-0.4601	0.59285
0.022689	0.033018	1.0092
0.84982	-0.46422	0.28708
-0.88079	0.49368	0.024117
-0.21862	0.17019	0.97126
-0.48631	-0.41712	0.78078
0.47048	-0.88053	0.15305
0.68688	-0.14717	0.7257
0.30762	0.91669	0.29181
0.25176	-0.10469	0.9725
0.88122	0.48736	0.077734
-0.27013	-0.59027	0.77376
0.6881	-0.70111	0.23465
-0.034237	-0.50068	0.8765
-0.73058	0.50441	0.48158
-0.81962	-0.24266	0.53799
-0.5836	0.71105	0.41703
0.75292	0.62269	0.25587
-0.52715	0.56276	0.65231
0.46876	-0.22998	0.86457
0.40435	-0.47095	0.79675
-0.7565	0.63098	0.22286
0.38032	0.77379	0.52602
-0.82383	0.26378	0.52136
-1.0049	-0.01717	0.099708
-0.81763	-0.57507	0.14446
-0.46905	-0.80672	0.38639
0.24611	-0.97821	0.05126
1.006	-0.071365	0.054484
0.69389	0.11859	0.72426
0.98961	0.1918	0.063198
0.060717	0.97418	0.25958
-0.065087	0.75034	0.67294
-0.64999	0.319	0.70417
-0.84375	-0.42557	0.35648
-0.17947	-0.98765	0.11157
0.96069	0.053404	0.30711
0.4256	0.91451	0.051401
0.19205	-0.6186	0.77496
-0.25981	-0.35038	0.91095
0.83356	-0.56835	0.04746
0.46394	-0.64753	0.62094
-0.23487	-0.085032	0.97862
-0.27691	0.60657	0.75862
0.84205	0.20034	0.5205
-0.19209	0.96907	0.21
-0.4229	-0.90692	0.13696
0.78316	0.4532	0.44874
-0.67415	0.061357	0.74958
-0.5778	0.81692	0.13743
-0.22156	-0.91765	0.35906
-0.014634	-0.23603	0.98192
0.91688	0.32097	0.27643
-0.48625	-0.64362	0.6078
-0.46534	-0.15273	0.88331
-0.34887	0.76156	0.56429
-0.97768	0.24709	0.056516
0.95367	-0.32896	0.048944
0.44712	0.55463	0.71594
0.85453	-0.06086	0.53495
-0.63879	-0.76831	0.14743
0.12929	0.86338	0.5079
-0.43435	0.36947	0.83362
-0.67673	-0.64107	0.3888
0.6284	-0.40545	0.67884
0.68336	-0.57412	0.47276
0.49416	-0.78267	0.40415
0.27401	0.16449	0.9581
0.25938	0.4409	0.87088
0.21022	0.68529	0.71154
-0.031823	-0.72585	0.70159
-0.9507	-0.31375	0.13354
0.17763	0.99409	0.018528
0.20199	-0.36398	0.92023
-0.66303	-0.20299	0.73436
0.045703	0.29825	0.96388
0.60167	0.63054	0.51041
-0.46436	0.11374	0.88968
0.018359	0.55974	0.84051
-0.37292	0.93842	0.019937
0.81034	-0.31858	0.51182
-0.843	0.012584	0.55614
-0.39824	0.87037	0.32241
0.2698	-0.91176	0.34058
0.94276	-0.20856	0.29631
0.011089	-0.88397	0.48844
0.65484	0.76654	0.060843
0.046112	-0.98104	0.23564
