0.012531	0.99616	0.086622
0.9985	0.054335	0.0063608
0.50497	-0.71774	0.47943
0.98557	-0.14889	0.08054
0.50044	0.74276	0.44483
0.84036	0.3052	0.44794
0.901	0.43219	0.037603
-0.9344	0.26574	0.23724
-0.34902	-0.92114	0.17229
-0.17963	-0.58515	0.79078
-0.91464	-0.15534	0.37324
-0.10072	-0.84357	0.5275
-0.71133	-0.40013	0.57785
-0.7773	0.1578	0.60902
-0.12409	-0.97724	0.17203
0.047197	0.33902	0.93959
-0.26228	0.10044	0.95975
0.89502	0.068871	0.44068
-0.45719	-0.70505	0.54211
0.94704	-0.15544	0.28099
-0.65966	0.31328	0.68315
0.34737	0.51072	0.78645
0.5073	-0.28214	0.81427
0.87861	-0.12852	0.45992
0.096373	0.78373	0.61358
-0.90078	-0.43155	0.048597
-0.7654	0.59799	0.23784
-0.76439	0.37622	0.52361
-0.80884	-0.21422	0.54762
-0.086153	0.95861	0.27137
0.73827	-0.44658	0.5055
0.54961	0.46787	0.69212
0.62	0.58801	0.51947
-0.03738	-0.24578	0.9686
-0.8407	0.42363	0.33728
-0.49878	0.84047	0.21171
-0.07621	0.49925	0.8631
0.79891	0.574	0.17963
-0.59613	-0.70504	0.38411
0.24744	-0.55539	0.79392
-0.017809	0.89176	0.45215
0.13426	0.95208	0.27482
-0.47613	0.42734	0.76856
-0.402	-0.58411	0.70513
-0.70688	-0.67478	0.2121
0.20659	-0.91107	0.35675
-0.83539	-0.36862	0.40774
0.57692	-0.56185	0.59287
0.78868	-0.035456	0.61378
-0.64729	0.085804	0.7574
0.10406	-0.84027	0.53208
0.54066	0.80567	0.24203
-0.97969	-0.093735	0.17724
0.31994	0.76865	0.55391
0.86019	-0.50494	0.071425
0.10427	-0.41301	0.90474
0.18276	0.87463	0.44902
0.49806	-0.047376	0.86585
0.40351	-0.84683	0.34648
0.036527	-0.58363	0.8112
0.30341	-0.93893	0.16232
-0.94336	0.058522	0.32656
0.21165	0.97287	0.093439
-0.18647	0.97951	0.076037
0.78379	0.17652	0.59542
0.17665	-0.71061	0.68105
0.19409	-0.98097	0.0052521
0.30976	-0.3776	0.87262
0.6414	0.2737	0.71673
-0.83042	-0.50666	0.23172
-0.52238	0.67275	0.52396
0.86021	-0.32556	0.39249
0.88446	0.39772	0.24405
-0.2462	-0.27537	0.92928
-0.34856	0.27878	0.89487
-0.8789	0.45884	0.13038
-0.79182	-0.60986	0.033157
0.44315	0.63252	0.63525
0.14389	0.15946	0.97666
0.16601	-0.22077	0.96109
0.5287	0.84857	0.020118
-0.21773	-0.91571	0.33775
-0.060639	0.13339	0.98921
0.68147	-0.61197	0.40137
0.74055	-0.64912	0.17388
0.81778	-0.49757	0.28923
0.38257	0.91007	0.15941
-0.95398	0.29854	0.028302
-0.033092	-0.72813	0.68464
-0.61187	0.71661	0.33479
0.767	-0.25135	0.59037
-0.92182	-0.30991	0.23282
-0.32969	-0.44163	0.83443
0.65	-0.15482	0.744
-0.21966	0.8706	0.44023
0.0094423	0.65675	0.75405
0.36338	-0.18306	0.91348
-0.65243	-0.25485	0.71371
0.45141	0.33918	0.82534
-0.29919	-0.81708	0.49282
-0.35906	-0.10729	0.92713
-0.20232	0.64028	0.74102
0.38608	-0.65157	0.653
-0.31992	0.74812	0.58135
-0.45551	0.064262	0.88791
0.97563	0.029408	0.21746
0.77212	0.5019	0.38976
-0.28143	0.47162	0.83568
-0.1135	0.78159	0.61338
0.26601	-0.018599	0.96379
-0.79143	0.61116	0.011
-0.24564	-0.71378	0.65589
-0.45846	-0.27667	0.84455
-0.29739	0.91977	0.25609
0.62935	-0.77564	0.047984
0.92284	-0.33971	0.18157
-0.43528	-0.83206	0.34382
-0.15493	-0.074933	0.98508
0.45216	-0.48062	0.75137
-0.53698	-0.42807	0.72692
-0.40595	0.59894	0.69027
0.13873	0.5139	0.84656
-0.86114	-0.00061612	0.50836
-0.66567	0.73646	0.1205
0.22909	0.66073	0.71481
-0.42209	0.81182	0.40346
0.67971	0.72617	0.10333
-0.56491	-0.10073	0.81898
0.08966	-0.9784	0.18626
-0.70109	0.56089	0.44031
0.62989	-0.37653	0.67931
-0.37947	0.92337	0.058189
-0.15555	0.31188	0.9373
-0.10688	-0.43043	0.89627
0.48323	-0.86174	0.15457
-0.72815	-0.55005	0.40895
-0.52838	0.23718	0.81521
0.66736	0.054245	0.74276
-0.73951	-0.066987	0.6698
-0.60196	0.50612	0.61764
-0.64574	-0.76351	0.0087147
-0.59346	-0.56429	0.57391
0.25422	0.34473	0.90362
0.34801	0.15597	0.92443
0.055162	-0.042968	0.99755
0.66945	0.66899	0.32294
0.52263	0.14907	0.83943
-0.97043	-0.23729	0.044349
-0.459	-0.88844	0.00025288
0.59591	-0.75136	0.28347
0.3059	-0.79477	0.52418
-0.0065871	-0.93185	0.36278
0.96596	0.23671	0.10436
0.93154	0.20441	0.30074
0.35419	0.8677	0.34877
0.71309	0.40361	0.57324
-0.98784	0.0949	0.12317
-0.55119	-0.81453	0.18091
-0.873	0.22082	0.43486
0.59245	-0.7519	0.15668
-0.29395	0.8697	0.31324
0.68447	-0.067123	0.68403
-0.56541	0.71877	0.32339
0.052048	-0.37907	0.89134
-0.012505	0.93009	0.27508
0.09583	0.41931	0.86942
-0.82478	0.27387	0.43086
-0.19375	0.94936	0.045524
-0.43983	0.26106	0.82419
0.91434	-0.32303	0.023061
0.15285	-0.89353	0.34516
0.0047454	-0.62325	0.74326
-0.40477	0.50999	0.71901
-0.7805	0.017501	0.57568
0.30792	-0.27136	0.87889
-0.46699	0.84606	0.083724
0.64295	0.61633	0.38425
-0.62291	0.52052	0.53098
-0.65342	-0.23081	0.67872
-0.56859	0.01319	0.78577
0.68267	-0.57931	0.37319
-0.77243	0.51044	0.28932
-0.92528	0.2409	0.16346
-0.92453	-0.24472	0.16202
-0.21837	-0.43548	0.83879
0.2653	0.91074	0.20266
-0.042602	-0.81182	0.52918
0.15826	0.8214	0.49107
-0.020238	0.15393	0.95749
0.63316	0.42563	0.59904
0.72409	-0.34154	0.54768
0.85367	-0.34816	0.30156
0.53765	-0.3184	0.74193
0.14938	0.64447	0.70939
0.41228	0.78073	0.40172
-0.96995	-0.0050098	0.0089281
-0.78854	-0.49988	0.26312
-0.18385	0.36782	0.87853
0.4375	-0.77147	0.39285
0.77019	0.57733	0.11997
0.079789	-0.96641	0.024275
-0.91748	0.0074718	0.31475
0.28656	-0.52733	0.76204
-0.12396	-0.16357	0.94804
0.9152	0.14749	0.28557
-0.27148	-0.66069	0.65626
-0.47389	-0.46338	0.70824
-0.65942	0.27477	0.65617
0.91182	0.32465	0.063888
-0.10841	0.80099	0.53625
0.77828	0.17712	0.55119
-0.51483	-0.67178	0.47388
0.78623	-0.56051	0.092595
0.37603	0.41758	0.79065
-0.39511	-0.87092	0.16214
0.85388	-0.090893	0.45115
-0.29878	-0.82449	0.41455
0.23652	-0.73736	0.58418
-0.85142	0.46421	0.022345
-0.68207	-0.46351	0.51072
0.4182	0.62043	0.61731
0.56633	0.20256	0.76101
0.51016	-0.57143	0.59507
-0.28862	0.054798	0.92444
-0.83359	-0.23791	0.43522
0.14446	-0.067398	0.95681
0.81279	0.39642	0.35089
0.54614	0.7863	0.15608
0.95094	-0.09387	0.16673
-0.1303	0.61253	0.74076
0.27749	0.18541	0.91078
-0.6176	-0.71552	0.21794
0.32861	-0.9016	0.14155
-0.40429	-0.21342	0.85551
0.45355	-0.033488	0.85678
-0.37688	0.71218	0.54006
-0.68711	0.68282	0.05028
-0.10688	-0.93499	0.23511
0.71091	-0.70398	0.2448
-0.39158	0.92766	0.21683
0.75408	0.10094	0.69432
-0.66186	0.74407	0.26305
0.12669	-0.25768	0.98917
-0.10215	1.0133	0.1539
0.08745	0.57885	0.84746
-0.88474	0.26869	0.4538
0.58349	-0.84872	0.010767
-0.46299	0.35286	0.84972
-0.4062	-0.94565	0.040636
1.0006	-0.24303	0.025796
0.26839	-0.86791	0.48539
0.097406	-0.54016	0.87158
-0.45609	0.60107	0.70114
-0.80567	0.026589	0.64116
0.38501	-0.12123	0.94761
0.62713	0.76697	0.28172
-0.6942	0.56203	0.51294
-0.6415	-0.20507	0.77931
-0.57402	0.074821	0.85194
0.79551	-0.48185	0.44258
-0.85956	0.50024	0.26797
-0.99683	0.184	0.18269
-0.94457	-0.32431	0.252
-0.15473	-0.35165	0.95567
0.1907	1.01	0.066795
0.059844	-0.77434	0.67654
0.09734	0.94908	0.38817
-0.003846	0.30276	0.98449
-0.10952	-1.0197	0.095587
0.64462	0.59867	0.53569
0.82019	-0.20272	0.58914
0.94903	-0.2336	0.32508
0.62774	-0.168	0.79914
0.11445	0.79581	0.6438
0.36673	0.91853	0.28758
-1.0234	-0.10099	0.05845
-0.77033	-0.56252	0.38867
-0.20209	0.49834	0.87847
0.55771	-0.70453	0.50349
0.75628	0.69923	0.0034079
0.18763	-0.99964	0.16255
-0.95848	-0.036781	0.37531
0.38547	-0.40875	0.86327
-0.080024	-0.041279	1.0261
0.96086	0.28881	0.23289
-0.19338	-0.62004	0.79941
-0.42621	-0.42603	0.83531
-0.70227	0.32001	0.68214
-0.18048	0.90781	0.4519
0.82252	0.34598	0.51445
-0.45562	-0.68337	0.62154
0.89295	-0.49393	0.13989
0.38073	0.59327	0.75098
-0.65126	-0.7938	0.081554
-0.3191	-0.92656	0.31712
0.92724	0.058072	0.44468
-0.21337	-0.83045	0.57073
0.34863	-0.66023	0.70954
-0.653	-0.47665	0.63819
0.39761	0.78375	0.53717
0.60344	0.38288	0.74173
-0.84468	-0.57901	0.11028
0.62037	-0.45757	0.68313
-0.2779	0.1672	0.97761
-0.83961	-0.26708	0.53351
0.19352	0.08754	1.0079
0.82862	0.54884	0.27029
0.4988	0.90089	0.022023
1.02	0.021985	0.14147
-0.17638	0.7391	0.69535
0.30554	0.35849	0.91598
-0.56855	-0.77785	0.36415
0.44764	-0.88931	0.2639
-0.37402	-0.13539	0.95009
0.51277	0.13895	0.88241
-0.45442	0.78857	0.48224
-0.0053567	-0.9538	0.38877
