-0.013901	0.21617	0.97626
-0.461	-0.22171	0.85926
0.98197	-0.0018301	0.18903
0.94444	-0.1686	0.28215
0.91213	0.39562	0.10722
0.58841	0.2208	0.77784
-0.65339	-0.52525	0.54515
0.74459	-0.66676	0.031886
0.080529	0.7088	0.70079
0.37286	0.89742	0.23583
0.54318	-0.066219	0.837
0.16452	0.17819	0.97015
-0.079278	0.92208	0.37879
-0.71379	0.49811	0.49232
0.31134	0.53028	0.78859
-0.97293	-0.15842	0.16827
-0.82754	0.54809	0.12156
-0.51787	0.26892	0.81209
-0.86805	0.19964	0.45456
0.030929	-0.51966	0.85381
0.48527	-0.78187	0.39139
0.096003	0.32996	0.9391
0.40816	-0.87292	0.26724
0.39503	-0.75139	0.52854
-0.90125	0.43327	0.0047344
0.87519	-0.3087	0.37248
0.21478	0.96269	0.16464
0.058111	0.99205	0.11164
0.98116	-0.15078	0.12079
-0.032294	0.61665	0.78658
0.1487	-0.27158	0.95086
-0.83576	0.064608	0.54528
-0.012762	-0.22613	0.97401
0.38288	0.83812	0.38853
0.0081514	-0.37857	0.92554
-0.57947	-0.32283	0.74833
0.15751	-0.89279	0.42203
-0.28094	-0.9236	0.26082
0.75149	-0.57486	0.32373
-0.45402	0.54098	0.70796
0.50023	0.85713	0.12285
0.95359	0.14844	0.26199
-0.20951	-0.88758	0.41025
-0.51843	-0.61493	0.59421
-0.73399	0.10299	0.6713
-0.087994	0.36272	0.92774
-0.70355	-0.69898	0.12823
-0.69013	0.38345	0.61374
-0.18862	0.64815	0.73778
-0.45903	0.12715	0.87927
-0.3045	0.53518	0.78795
0.22984	0.65249	0.72211
-0.66175	-0.69026	0.29263
-0.95685	0.28549	0.054257
0.30561	-0.29839	0.90419
-0.5597	-0.47298	0.68046
-0.89636	-0.44306	0.015267
-0.78174	-0.072478	0.61938
0.27601	0.28907	0.91666
0.8422	0.48388	0.2378
-0.93067	-0.14852	0.33436
-0.059502	-0.065421	0.99608
0.43088	-0.18362	0.88353
-0.43684	-0.8722	0.22011
0.32429	-0.44412	0.83522
-0.50355	0.82333	0.26184
-0.59969	-0.66234	0.44909
-0.3146	-0.32079	0.89338
0.71382	0.1914	0.67367
0.92544	-0.31375	0.2124
0.72689	0.68548	0.041821
0.072643	0.95822	0.27665
0.57578	-0.22434	0.78622
-0.36217	0.7711	0.52368
-0.33813	0.66264	0.66826
0.80582	-0.57148	0.15512
0.63849	0.060211	0.76727
0.63225	0.75686	0.16559
0.077667	-0.95215	0.29558
-0.62676	0.76351	0.15565
-0.6863	-0.37256	0.62465
0.38502	0.75496	0.53084
0.99242	0.10343	0.066434
0.96043	0.24408	0.13416
-0.52994	-0.032512	0.84741
0.45846	-0.33825	0.82183
-0.17449	-0.9749	0.13826
-0.57818	-0.79676	0.17573
0.24291	-0.93157	0.27052
0.78731	-0.43972	0.43219
0.75858	0.026217	0.65106
0.048591	-0.6473	0.76069
-0.41529	0.40854	0.81279
-0.37621	-0.84508	0.37987
-0.79936	0.3685	0.47458
0.62957	-0.68843	0.36013
-0.70316	-0.20787	0.67997
0.23289	-0.80705	0.54261
-0.046622	-0.99877	0.016908
0.23467	0.76143	0.60428
-0.086383	0.9948	0.053959
0.20604	0.43393	0.87707
-0.45652	-0.74126	0.49206
0.020582	0.47095	0.88192
-0.14533	0.51141	0.84696
-0.22495	-0.034852	0.97375
-0.91851	-0.30275	0.25432
-0.47769	0.65924	0.5807
-0.20782	-0.73044	0.65059
-0.02391	-0.90447	0.42586
0.80061	-0.28921	0.52477
0.15229	-0.98011	0.12727
-0.27002	-0.60538	0.74873
-0.17348	-0.19972	0.96437
-0.35829	0.93332	0.023261
0.49779	0.092556	0.86235
0.88096	-0.15847	0.44587
-0.039027	-0.75176	0.65828
0.81916	0.15501	0.55222
-0.23277	0.9254	0.29909
-0.39262	-0.023519	0.9194
0.47531	-0.48242	0.73577
0.059646	-0.83291	0.55018
-0.22742	0.85996	0.45689
-0.5905	-0.16652	0.78967
-0.49902	0.86174	0.091567
-0.93684	0.14411	0.31869
-0.79238	-0.25466	0.55433
0.52095	0.73347	0.43662
0.59579	-0.37649	0.70943
-0.87779	0.33159	0.34574
0.32901	-0.93587	0.12607
-0.60458	0.63738	0.47773
-0.72613	-0.56126	0.39714
0.22953	0.91768	0.32432
0.95414	-0.29456	0.053361
-0.23339	0.96362	0.13026
-0.070047	0.74582	0.66245
0.34893	0.93385	0.078497
-0.12384	-0.83257	0.53991
0.90412	0.11608	0.41122
0.052776	0.058335	0.9969
0.37827	0.64877	0.66032
0.22377	0.018976	0.97446
-0.29306	-0.46874	0.8333
-0.61015	-0.79226	0.0056816
0.59907	0.49726	0.62757
0.67818	-0.56019	0.47566
0.70089	-0.25933	0.66446
0.10926	-0.1059	0.98836
-0.83341	-0.43973	0.33476
0.34007	-0.57446	0.74455
-0.81068	-0.58041	0.076965
-0.12251	0.095701	0.98784
-0.56095	0.4043	0.72241
0.64093	0.69537	0.32506
0.67692	-0.10175	0.72899
-0.86548	-0.28693	0.41062
0.33728	0.13441	0.93176
0.44326	0.24816	0.86136
0.2715	-0.14248	0.95183
0.58705	-0.52793	0.61373
-0.98132	0.12794	0.14364
-0.86448	-0.12165	0.48773
-0.15539	-0.35534	0.92173
-0.21905	0.76706	0.60302
0.12773	0.56751	0.8134
0.82875	0.55319	0.084615
-0.0032178	-0.98646	0.16395
-0.67325	-0.032844	0.73868
0.29143	-0.69523	0.65706
-0.9121	0.012716	0.40977
0.81772	0.41909	0.39459
-0.37348	0.90604	0.199
0.6637	0.34925	0.66146
0.89126	-0.44249	0.099298
-0.7204	0.58964	0.36518
0.38955	-0.024828	0.92067
0.78978	-0.13522	0.59831
-0.37127	-0.68128	0.63089
0.51459	0.63354	0.57777
-0.42095	-0.54195	0.72739
-0.44443	-0.39101	0.80597
0.079554	0.81626	0.57218
0.62465	-0.77624	0.085246
0.51605	0.80818	0.2838
0.53269	0.37433	0.75902
-0.89167	0.4167	0.17689
0.45349	-0.62834	0.63209
-0.29819	-0.79738	0.52466
0.19065	-0.57871	0.79294
0.84997	-0.45139	0.27166
0.93744	-0.024261	0.3473
0.7452	0.56185	0.35917
-0.76986	-0.41455	0.48524
0.70293	-0.41419	0.57822
0.74648	0.63268	0.2061
0.13937	-0.73254	0.6663
-0.11249	-0.63384	0.76524
0.63709	0.60629	0.47595
-0.075662	0.84683	0.52646
-0.6196	0.71727	0.31879
-0.73304	0.67814	0.052644
-0.77889	-0.5794	0.24006
0.078095	0.89929	0.43033
-0.29809	0.1161	0.94745
-0.81884	0.48239	0.31112
-0.59114	0.52834	0.60943
-0.8759	-0.44883	0.17708
-0.36271	0.2663	0.89304
0.71676	0.46636	0.51842
-0.94851	-0.30382	0.0896
-0.19577	0.24491	0.94957
-0.60261	0.11401	0.78985
-0.32977	-0.1653	0.92948
-0.99745	-0.013929	0.070049
-0.13317	-0.50051	0.85543
-0.77545	0.23787	0.58489
-0.33203	-0.93844	0.0953
-0.10833	-0.95003	0.29275
0.90645	0.32575	0.26877
0.54921	-0.66674	0.50382
0.77622	0.31533	0.54595
0.38253	0.39528	0.83512
0.56018	-0.79275	0.24032
-0.25647	0.39452	0.88237
-0.96921	-0.0088627	0.24607
0.23477	0.8501	0.47139
-0.9392	0.2681	0.21452
0.4642	0.51758	0.71877
0.85812	-0.0089934	0.51337
-0.085566	0.9714	0.22151
-0.49584	0.75616	0.42703
-0.65519	0.25284	0.71189
0.69685	-0.68728	0.20502
0.32404	-0.85415	0.40673
-0.47797	-0.87688	0.051186
0.87014	0.26715	0.4141
-0.73857	0.63875	0.2157
0.17108	-0.42877	0.88707
0.47398	-0.8734	0.11184
-0.527	-0.77925	0.33919
-0.37111	0.8531	0.36674
0.71874	-0.34334	0.53584
-0.79543	0.19344	0.50146
0.42423	-0.83044	0.22806
0.66945	0.58503	0.3622
0.26194	-0.91786	0.10253
0.20595	-0.87956	0.32489
0.18835	-0.49707	0.7994
-0.12611	0.26824	0.91309
-0.75513	-0.24803	0.53838
-0.7854	-0.50967	0.21208
-0.48269	0.22384	0.79907
-0.094925	-0.23242	0.92659
-0.6529	0.28694	0.64264
-0.25612	-0.36874	0.84855
0.28849	0.25913	0.87819
0.68605	-0.16032	0.6521
0.56439	-0.70052	0.33517
0.11914	-0.794	0.52628
0.90802	0.21188	0.2285
0.73829	-0.56886	0.23006
-0.03758	0.90781	0.30996
-0.77027	-0.013541	0.57279
-0.76461	0.39916	0.42148
-0.019601	0.95467	0.099057
-0.62936	-0.15083	0.70905
0.68383	0.42797	0.5204
-0.92866	0.23622	0.058167
0.4913	0.25733	0.78359
-0.89528	0.11244	0.32776
-0.097778	-0.74653	0.5956
0.070782	-0.086894	0.95344
-0.59754	-0.37195	0.65284
-0.6369	0.081361	0.71368
0.8296	-0.16502	0.45402
-0.46831	0.43849	0.71415
0.33223	0.62465	0.64887
0.31649	0.45207	0.78553
-0.29923	0.36645	0.83533
0.89105	0.026685	0.35625
-0.64289	-0.6342	0.32571
0.24019	0.055983	0.92778
-0.40396	-0.48441	0.72371
-0.35534	-0.8902	0.053654
0.62205	0.046342	0.72973
0.44481	0.042997	0.84964
-0.32818	-0.67165	0.60232
0.62093	-0.72341	0.11281
-0.2767	0.57393	0.71808
0.39537	-0.52167	0.70225
0.81717	-0.37742	0.33375
-0.8519	0.44142	0.031786
-0.31171	0.12393	0.89949
-0.23284	0.91967	0.14694
-0.09309	0.48683	0.82215
0.16857	0.86222	0.38699
-0.5388	-0.56806	0.55552
-0.12724	0.017337	0.95137
-0.47569	-0.023189	0.83354
0.63575	0.71003	0.11523
-0.76882	0.52918	0.22467
0.1491	0.7423	0.59021
0.81323	0.39392	0.32416
0.35827	-0.77045	0.44683
-0.83819	-0.3274	0.33443
-0.61743	0.71075	0.18764
-0.25553	0.74084	0.5545
0.3657	0.85657	0.23269
0.51763	-0.17508	0.78931
-0.87018	0.31792	0.25162
-0.022856	-0.87914	0.38496
-0.035811	-0.44774	0.84844
-0.72805	0.6257	0.0070697
0.25896	-0.67408	0.63258
0.18146	0.9285	0.16295
-0.25316	0.85267	0.3612
0.3517	0.76525	0.46076
0.52623	0.74107	0.30903
0.87579	0.38548	0.077423
-0.62934	0.61443	0.38472
0.7684	0.54948	0.17097
-0.95032	0.035332	0.13132
0.36565	-0.34169	0.81923
-0.9232	-0.16589	0.20441
-0.86754	-0.093776	0.40022
0.81236	0.22438	0.45971
0.096079	0.38189	0.87551
0.51784	0.61657	0.52276
-0.46394	-0.72606	0.42332
-0.61594	0.48303	0.55578
0.95051	0.0035833	0.13464
0.13367	-0.30166	0.90152
-0.54209	-0.77253	0.17589
-0.23414	-0.8178	0.44495
0.66521	-0.52856	0.44691
0.66897	0.24685	0.64276
0.90963	-0.19123	0.24003
-0.36271	-0.84661	0.27073
-0.69146	-0.6623	0.069581
-0.16522	-0.92082	0.21537
0.12318	0.57771	0.75676
-0.43451	0.83806	0.1745
0.48244	0.82913	0.037453
0.51516	0.44942	0.67397
-0.45228	0.75541	0.38262
0.77618	0.033771	0.56391
-0.18591	-0.57605	0.74512
-0.70826	-0.46163	0.45483
0.30662	-0.14958	0.89733
0.56341	-0.38639	0.67444
-0.29485	-0.13076	0.90419
0.042811	-0.63768	0.71633
0.93633	-0.21147	0.012822
-0.45424	-0.26404	0.80346
-0.4478	0.6307	0.56858
-0.067124	0.67183	0.68245
-0.88919	-0.35123	0.087051
0.048004	-0.94472	0.1637
-0.045831	0.81434	0.50631
0.49624	-0.6168	0.54305
0.055188	0.16475	0.94415
0.8653	-0.39927	0.11592
0.8308	-0.21109	0.58891
-0.85978	0.20207	0.54914
0.55513	-0.80831	0.3465
0.67095	0.74839	0.26709
0.38523	-0.93744	0.23323
0.32879	-0.86823	0.4687
0.28555	-0.38902	0.92126
-0.13196	0.41331	0.94518
-0.76725	-0.25947	0.65238
-0.78331	-0.59185	0.34313
-0.5154	0.31203	0.8477
-0.043685	-0.11594	1.0326
-0.71125	0.33806	0.6793
-0.20541	-0.28988	0.97743
0.31443	0.44057	0.88805
0.77996	-0.0012398	0.68794
0.69593	-0.63891	0.43484
0.23327	-0.75491	0.67624
0.96353	0.35392	0.16721
0.86523	-0.49668	0.29374
-0.12755	1.0128	0.19899
-0.8077	-0.0054113	0.65513
-0.85172	0.41259	0.43121
-0.63611	-0.11672	0.81445
0.70915	0.60641	0.45931
-1.0239	0.16625	0.074397
0.52969	0.44488	0.7766
-0.96484	0.078801	0.38009
-0.48717	-0.91496	0.084394
0.59724	-0.84551	0.10009
-0.0030575	-0.71577	0.7545
0.12005	0.060456	1.0313
-0.57993	-0.35815	0.7855
-0.6692	0.1311	0.78523
0.92797	-0.021925	0.46902
-0.52621	0.52965	0.72399
0.31371	0.80015	0.58561
0.32037	0.63523	0.75858
-0.33189	0.48856	0.85601
0.9699	0.17404	0.33257
-0.6122	-0.69284	0.47621
0.28616	0.22636	0.97389
-0.35666	-0.44759	0.86837
-0.28453	-0.97844	0.2081
0.69144	0.22474	0.74364
-0.81734	-0.63873	0.074674
0.5052	0.22143	0.88167
-0.25913	-0.65833	0.76227
0.7513	-0.69161	0.19704
-0.3343	0.69442	0.6983
0.50772	-0.40901	0.81026
0.93323	-0.26837	0.37236
-0.96439	0.38912	0.01167
-0.31678	0.23821	0.96151
-0.34507	0.98055	0.032421
-0.12332	0.63612	0.81348
0.10224	0.99696	0.27786
-0.49894	-0.57641	0.7074
-0.10463	0.15119	1.0236
-0.47989	0.0543	0.92107
-0.87743	0.52083	0.20112
0.17946	-1.0219	0.072157
0.10158	0.89808	0.51453
0.84516	0.55323	0.24746
0.48547	-0.71751	0.57541
-0.8555	-0.38391	0.44982
-0.73532	0.72447	0.12671
-0.33546	0.84972	0.49704
0.30966	0.98744	0.10329
0.60507	-0.013187	0.84577
-0.96279	0.28906	0.26662
0.084411	-0.88194	0.54466
0.040483	-0.35174	0.97787
0.37475	-0.59632	0.76522
0.10088	1.0347	0.027203
-0.35198	0.93975	0.27308
0.31269	0.92344	0.36206
0.49786	0.89221	0.19415
-0.73062	0.65059	0.35289
-1.0071	-0.25556	0.044042
0.77451	0.69126	0.062385
-1.0229	-0.039222	0.18381
0.46045	-0.202	0.91037
-0.96925	-0.24008	0.29073
-0.91003	-0.12743	0.48705
0.86746	0.3929	0.41803
0.093757	0.55158	0.87668
0.51001	0.79117	0.4422
-0.40595	-0.75769	0.58542
-0.69579	0.53788	0.55513
1.0285	0.12151	0.095447
0.20917	-0.17036	1.0044
-0.49404	-0.85317	0.3311
-0.14768	-0.82885	0.61057
-0.052227	-1.0292	0.14041
0.78996	-0.42791	0.52388
0.71716	0.43027	0.61818
1.0093	-0.0745	0.2395
-0.28936	-0.89941	0.43466
-0.67073	-0.76702	0.20834
-0.070563	-0.96695	0.37633
0.097473	0.74521	0.71886
-0.55251	0.87705	0.084369
0.53066	0.6356	0.62929
-0.5552	0.81886	0.32064
0.85288	0.20167	0.55994
-0.11106	-0.51987	0.89387
-0.69664	-0.49551	0.59225
0.37889	0.0090248	0.96849
0.67311	-0.2517	0.75177
-0.27088	-0.031254	1.0036
0.14097	-0.56672	0.86056
-0.4318	-0.20525	0.92359
-0.53017	0.71466	0.53831
-0.12041	0.81488	0.63488
-0.91678	-0.45244	0.1908
0.15987	-0.9786	0.31367
0.89259	-0.53179	0.045552
-0.11924	0.94222	0.42379
0.62095	-0.52466	0.64866
0.075681	0.32609	0.98465
0.97959	-0.32014	0.13969
