-0.52295	0.362	0.77168
0.15806	0.49664	0.85344
0.83285	0.51572	0.20098
0.77029	-0.51801	0.3719
0.042871	-0.77778	0.62707
-0.055508	0.23931	0.96935
-0.92769	-0.30972	0.2085
0.37679	-0.71436	0.58968
-0.64875	-0.74016	0.17689
-0.8141	-0.16798	0.5559
0.80405	0.46396	0.37181
0.76901	-0.38543	0.50998
0.10638	0.99285	0.054083
0.31245	-0.45108	0.83601
0.85342	-0.19799	0.48215
-0.34608	0.68996	0.63575
-0.208	0.32836	0.92136
0.64027	-0.42037	0.64291
-0.37778	-0.49841	0.7803
0.8351	0.12899	0.53476
0.75883	-0.62217	0.19256
0.44403	0.87719	0.18269
0.12807	0.89856	0.41975
0.064534	-0.94972	0.30638
-0.030055	0.85614	0.51587
-0.70502	-0.090464	0.70339
-0.67752	-0.27231	0.68324
0.52525	-0.79826	0.29479
-0.80171	0.033644	0.59677
-0.1894	0.7854	0.58931
-0.56247	0.82595	0.03778
-0.25973	-0.23893	0.93566
-0.37841	-0.92271	0.0735
-0.30282	0.57012	0.76371
-0.40977	0.89972	0.15032
0.91977	0.38307	0.085366
0.099876	0.14172	0.98486
-0.39852	0.85726	0.32603
-0.78877	0.50161	0.35528
-0.85986	-0.32969	0.38979
-0.55931	-0.20342	0.80361
-0.94115	0.20725	0.26699
-0.51565	0.64787	0.56069
0.6372	-0.75589	0.15034
-0.26438	-0.042763	0.96347
0.37262	-0.89645	0.23984
-0.64779	-0.46119	0.60636
-0.96104	0.2598	0.094347
0.96668	0.20443	0.15405
0.57881	0.70662	0.40702
-0.37778	0.78622	0.48901
0.84006	0.2964	0.45437
0.90202	0.33773	0.2689
-0.57396	-0.0158	0.81873
-0.46446	-0.70705	0.53325
-0.33232	-0.65232	0.68121
0.53944	-0.10751	0.83513
0.60107	-0.27068	0.75196
-0.091002	-0.33885	0.93643
0.061326	-0.88161	0.46798
0.60833	0.25948	0.75007
-0.88784	0.14201	0.43769
-0.84019	-0.47478	0.26204
0.28225	0.90956	0.30501
-0.48952	-0.84424	0.21824
-0.62017	-0.61142	0.49149
-0.57496	-0.73562	0.35817
-0.15396	0.66635	0.72957
0.20541	-0.13819	0.96887
0.87066	-0.33491	0.36025
-0.99073	0.073059	0.11449
0.25405	0.035631	0.96653
-0.89232	-0.44453	0.078454
0.32547	-0.94434	0.047847
-0.66359	0.58378	0.46782
-0.31228	-0.91769	0.24561
-0.46942	0.5324	0.70441
0.83459	-0.54976	0.034908
-0.89064	0.39291	0.22888
0.0038071	-0.65125	0.75886
0.31062	0.38459	0.86926
0.00011116	-0.99022	0.1395
-0.18989	-0.58877	0.78568
-0.97779	-0.12417	0.16887
0.72539	0.44413	0.52588
-0.857	0.3235	0.40113
0.60758	0.43194	0.66654
0.93819	-0.14155	0.31585
0.61517	0.58272	0.53103
0.055325	-0.039815	0.99767
0.26327	-0.30004	0.91688
0.91732	-0.39265	0.065986
-0.42175	0.057406	0.90489
0.13386	-0.99099	0.0040858
-0.23708	-0.42634	0.87294
0.11157	0.96436	0.2399
0.73947	-0.24197	0.6282
-0.71851	-0.62317	0.30887
-0.40659	-0.32065	0.85549
0.058867	-0.24494	0.96775
-0.39542	0.24355	0.88562
-0.78984	0.22413	0.57089
0.23577	-0.89882	0.3695
0.65667	-0.55609	0.50946
-0.041888	-0.50423	0.86255
-0.53856	-0.39327	0.74518
0.47581	0.57663	0.66416
0.59611	0.76673	0.23828
-0.68958	0.10941	0.71589
-0.23995	-0.88023	0.40942
-0.55369	0.17831	0.81341
0.44024	0.82246	0.36021
-0.11168	-0.94496	0.30754
0.46023	0.24032	0.85465
0.68237	-0.085964	0.72593
0.29878	0.82339	0.48245
-0.50239	-0.56699	0.65278
0.73587	0.27815	0.61735
0.48779	-0.44276	0.75235
-0.18567	-0.9748	0.12368
0.49213	-0.86461	0.10124
0.3091	0.69899	0.64488
-0.76979	-0.33781	0.54158
-0.10469	-0.14367	0.98407
-0.4195	-0.13062	0.89831
0.98812	-0.10519	0.11205
-0.35509	0.41374	0.83829
0.13971	0.31798	0.93775
0.59108	0.80419	0.062438
0.37981	-0.12492	0.91659
-0.29053	-0.77894	0.55574
-0.89582	0.44153	0.050534
0.35032	-0.59018	0.7273
-0.097224	0.057247	0.99361
0.80509	-0.054047	0.59068
0.71366	0.61353	0.33806
0.44199	-0.29029	0.84875
-0.051758	0.93637	0.34717
0.15969	-0.56255	0.8112
-0.23394	0.93588	0.26343
-0.68758	0.66291	0.29628
0.27843	0.95258	0.12274
-0.74885	0.40713	0.52294
0.53256	-0.70055	0.47499
-0.55905	0.79803	0.22496
0.97174	0.030006	0.23414
-0.10343	-0.84913	0.51795
-0.69412	0.71089	0.11326
-0.0022404	0.74332	0.66894
-0.00026037	0.58899	0.80814
0.46777	0.41594	0.77987
0.72196	0.099691	0.68471
-0.92217	-0.17247	0.3462
0.58606	0.078068	0.8065
0.15717	0.65746	0.73691
0.39073	-0.81563	0.42671
0.29359	0.20882	0.93284
-0.88913	-0.040623	0.45585
0.11228	-0.41172	0.90437
-0.95696	0.020558	0.28948
-0.54445	0.73719	0.40016
0.7279	0.66885	0.15101
0.94274	-0.2707	0.19483
-0.80657	0.56369	0.17804
0.51559	-0.58173	0.62909
0.65812	-0.67154	0.34047
-0.55076	-0.8337	0.040168
-0.96428	-0.26311	0.030573
-0.064844	0.98383	0.16695
-0.61868	0.47741	0.62395
-0.25088	0.14906	0.95647
-0.21643	0.87516	0.43272
0.92244	0.16455	0.34933
0.43041	0.058075	0.90076
0.19898	-0.69651	0.68941
-0.7541	-0.49234	0.43467
-0.41417	-0.82105	0.39286
0.4509	0.71407	0.53552
0.99736	0.065381	0.031636
-0.24179	0.96647	0.086465
0.22315	-0.81132	0.54034
-0.011653	0.41432	0.91006
0.90324	-0.0072869	0.42907
-0.16149	0.49689	0.85265
0.2006	-0.96277	0.18118
0.83301	0.55268	0.025383
-0.66754	0.29833	0.68219
0.85771	-0.46291	0.2237
-0.144	-0.73071	0.66733
-0.78689	-0.60311	0.13062
0.15005	0.79659	0.58561
0.32191	0.55178	0.76936
0.65232	0.015975	0.70414
-0.93373	-0.16272	0.15256
0.26227	0.91165	0.14733
0.53175	-0.79792	0.046496
-0.20491	0.93247	0.10052
-0.21393	0.86548	0.35606
0.018005	0.93319	0.22456
0.6151	0.26059	0.68946
-0.16192	-0.19636	0.92565
-0.30919	0.57772	0.7016
-0.11286	-0.63677	0.7095
-0.59852	0.66229	0.35319
0.10792	-0.93982	0.16338
-0.54347	0.54052	0.57799
-0.32119	-0.69922	0.57405
0.47609	0.83201	0.051988
0.50503	-0.41224	0.7047
-0.5381	-0.62493	0.49144
0.55551	-0.72219	0.30241
-0.75298	-0.21073	0.55696
0.93031	-0.19536	0.13399
-0.39206	-0.0387	0.87544
-0.84702	-0.31376	0.32515
0.76799	-0.13717	0.55944
-0.73287	0.45224	0.42424
-0.021363	0.24073	0.92908
-0.36711	-0.5163	0.7213
0.7383	0.37194	0.48803
0.11379	-0.72028	0.62438
0.71897	-0.52839	0.35424
0.30691	-0.35143	0.83899
-0.098123	-0.95481	0.017473
0.013181	0.84452	0.45631
0.31362	-0.11162	0.90043
0.80782	0.45273	0.25311
0.91235	0.29509	0.04626
-0.01365	0.58975	0.75737
-0.10505	-0.81017	0.50417
-0.55354	0.13054	0.77341
-0.3532	-0.81553	0.36299
0.2268	0.1637	0.91835
-0.66869	0.30112	0.6195
0.31925	-0.58294	0.69272
-0.73695	-0.55811	0.25887
-0.56926	-0.38717	0.66906
0.53921	-0.18479	0.77246
0.45627	0.082663	0.84058
-0.34322	-0.88749	0.1271
-0.76883	0.54829	0.17284
-0.86516	-0.40851	0.07884
0.52718	0.48673	0.63779
0.40158	0.68974	0.53347
0.89507	-0.037513	0.34504
-0.15123	0.73395	0.60004
-0.14931	-0.42957	0.84544
0.79559	0.12778	0.52183
0.47587	0.77842	0.29868
-0.83005	0.19456	0.44133
-0.73015	-0.62296	0.020317
-0.86685	0.33715	0.23769
-0.61625	0.7287	0.10411
-0.12391	-0.91156	0.27441
0.078603	-0.034142	0.95617
0.9527	0.057791	0.10305
-0.38831	0.72908	0.48914
0.3166	-0.90596	0.024608
-0.59106	-0.13688	0.74399
0.12257	-0.86215	0.40406
0.88472	0.22032	0.30056
-0.3856	-0.2878	0.83071
0.67266	0.65703	0.1935
0.70711	-0.64156	0.099997
0.54069	-0.59297	0.52692
-0.73675	0.03874	0.61425
0.84103	-0.29139	0.35967
0.24977	0.8418	0.38806
0.13392	0.41186	0.85676
-0.15991	0.045016	0.94552
-0.32003	0.22073	0.87776
-0.45702	0.37961	0.75408
-0.70203	-0.44983	0.47582
-0.5641	-0.73347	0.25577
0.34776	-0.85446	0.26563
0.68954	-0.36338	0.56044
0.83976	-0.44138	0.14696
0.62492	0.58985	0.42797
0.14911	0.71924	0.61811
0.34379	-0.74797	0.49391
0.29043	0.55247	0.7294
0.39219	0.3314	0.81115
-0.87466	-0.055156	0.39182
0.077673	-0.28291	0.91407
-0.54549	-0.78984	0.013677
-0.93382	0.10487	0.19641
-0.42447	0.82826	0.23538
0.097964	-0.51589	0.80366
-0.17373	0.42232	0.84443
0.72643	0.19149	0.71919
-0.9828	-0.24571	0.23522
0.1892	1.0226	0.0088658
0.66089	-0.79043	0.14159
-0.3113	0.95664	0.26368
-0.22783	-1.0145	0.021011
-0.073501	1.0325	0.10085
0.65932	0.44659	0.66892
-0.11979	-0.084426	1.0296
-0.37031	0.69262	0.68172
-0.027079	-0.58269	0.86101
-0.70373	0.70001	0.3104
0.22387	-0.9673	0.30954
-0.62313	0.61006	0.56669
-0.24964	-0.69137	0.73572
0.61411	-0.28062	0.79102
-0.49433	-0.64687	0.64714
0.68753	-0.66796	0.4034
-0.7683	-0.21659	0.66664
1.0282	-0.093041	0.1254
-0.3866	0.052696	0.96403
-0.86681	-0.37168	0.43828
0.86239	0.017653	0.581
-0.82317	0.47292	0.42466
-0.015554	0.39708	0.96109
-0.31359	-0.47823	0.86865
0.77272	0.54721	0.43019
0.22307	-0.66173	0.77069
0.84452	-0.43643	0.4218
0.39893	-0.21537	0.93599
-0.0017406	-1.0267	0.16586
-0.06074	0.97281	0.3627
0.38243	0.050745	0.9658
0.8304	0.60458	0.16283
-0.051213	0.74418	0.72469
-0.0072971	-0.79845	0.66635
-0.58256	0.20126	0.83769
-0.27915	-0.85114	0.52844
0.25975	0.33855	0.94843
-0.73063	0.34804	0.65318
0.43201	-0.48366	0.81304
-0.72419	-0.63145	0.39803
-0.54724	-0.36902	0.80371
0.62876	-0.023933	0.82806
0.51292	0.26356	0.86547
-0.26912	-0.96306	0.28581
-0.88138	0.5333	0.14273
-0.88499	-0.5124	0.18931
0.53826	0.67113	0.58435
0.37722	0.85905	0.4487
0.98077	0.10419	0.3299
-0.22071	0.85999	0.54157
-0.083861	-0.3444	0.97773
0.8621	0.29756	0.49985
0.43919	0.92536	0.18007
-0.89936	0.19051	0.48628
-0.71844	-0.73651	0.15164
-0.96178	0.3078	0.24865
-0.739	0.73095	0.034436
-0.024933	-0.9438	0.43613
0.12287	0.11799	1.026
1.0238	0.17477	0.053408
-0.4796	0.81359	0.43549
0.44001	-0.93108	0.14515
0.23002	-1.0142	0.0048114
-0.5951	-0.092574	0.84787
-1.0355	-0.094571	0.0192
0.23993	-0.84603	0.55521
0.94011	0.37159	0.24437
-0.3543	-0.21943	0.95285
0.66054	0.79976	0.075391
0.83482	-0.59739	0.16674
0.66568	-0.49714	0.62556
-0.77574	0.060175	0.69008
0.95056	-0.17011	0.38613
0.19197	0.98362	0.27792
0.13061	0.58456	0.8502
-0.14304	0.17651	1.0149
-0.337	0.33737	0.92424
-0.50623	0.47406	0.77498
-0.69046	-0.47907	0.61267
-0.5191	-0.80148	0.41202
0.4767	-0.83602	0.39424
0.80239	-0.2317	0.61975
0.95775	-0.36294	0.18053
0.62483	0.75906	0.33913
0.10509	0.87772	0.54787
0.46913	-0.68778	0.62327
0.2794	0.73116	0.68479
0.4159	0.51806	0.80015
-0.92218	-0.088211	0.47265
0.14727	-0.15413	1.0179
-0.50169	-0.89684	0.15998
-1.0103	0.046671	0.24239
-0.53844	0.87693	0.15057
0.19036	-0.41769	0.93322
-0.20241	0.56242	0.85107
