0.50321	0.49312	0.70966
-0.29864	0.8256	0.47875
-0.88663	-0.22778	0.4025
0.53238	-0.77545	0.33948
-0.37661	-0.4191	0.82615
-0.97762	0.062069	0.20099
0.22458	-0.021768	0.97421
0.18584	0.24915	0.95047
0.57119	0.22961	0.78805
0.93492	0.25005	0.25179
0.47556	-0.64958	0.5932
0.70052	-0.56742	0.43279
0.064704	-0.86292	0.50119
0.015247	0.31109	0.95026
0.74008	0.43142	0.5159
-0.0080657	0.48149	0.87641
0.48154	-0.57714	0.65957
0.40862	-0.88078	0.23929
0.86692	-0.0096204	0.49835
0.69901	0.71505	0.0093639
-0.081667	-0.51323	0.85435
-0.83819	-0.51012	0.19289
0.40484	0.77584	0.48391
-0.618	0.078102	0.78229
0.68367	-0.72638	0.07048
0.84647	-0.50378	0.17232
0.92214	0.37231	0.10509
-0.4289	-0.90037	0.0733
0.49223	0.83876	0.2328
0.75763	-0.55277	0.34706
0.23003	0.33836	0.91247
0.81211	-0.035297	0.58244
-0.92158	-0.31958	0.22034
-0.4566	-0.25014	0.85378
-0.25488	0.96596	0.044199
-0.79063	-0.18937	0.58227
-0.61009	0.61142	0.50395
-0.39787	0.22084	0.89047
-0.41066	0.86268	0.2952
-0.9953	0.009286	0.096344
0.58947	-0.76762	0.25156
-0.67406	0.32752	0.66209
0.29238	-0.697	0.65475
-0.98922	0.10733	0.099585
-0.27425	0.50501	0.81838
0.73984	0.35217	0.57325
0.95304	-0.21628	0.212
-0.58704	-0.10287	0.803
-0.1089	0.69614	0.7096
-0.70278	0.40602	0.58417
-0.84352	-0.20931	0.49464
-0.50609	0.81611	0.27899
0.57583	0.043177	0.81643
0.31952	0.91349	0.25189
-0.18834	0.26449	0.94582
-0.7463	0.30192	0.5932
0.54698	-0.41263	0.72839
0.050975	-0.6159	0.78617
-0.20826	-0.87421	0.43861
-0.0028666	-0.90526	0.42485
0.66835	-0.69789	0.25742
-0.30748	-0.67807	0.66759
0.76548	0.48127	0.42711
-0.5369	-0.28542	0.7939
-0.476	-0.66221	0.57872
-0.40745	-0.6343	0.657
0.56246	0.40521	0.72073
-0.47054	-0.8668	0.16509
0.24198	0.5797	0.77807
-0.23276	-0.63394	0.73752
0.69456	0.3026	0.6527
-0.9186	0.025699	0.39436
-0.74442	0.12588	0.65573
0.31275	0.83599	0.4509
0.042273	-0.98757	0.1514
-0.58521	0.18148	0.79031
0.40302	-0.56516	0.71984
-0.5318	0.10201	0.8407
-0.41393	0.38951	0.82277
-0.1261	-0.1198	0.98476
-0.6831	0.54963	0.48091
0.45838	-0.40398	0.79164
0.77165	0.25224	0.58389
-0.8547	0.5102	0.095846
0.39413	0.71751	0.57432
-0.23671	0.79244	0.56215
0.019772	-0.53229	0.84633
0.94988	-0.13876	0.28012
-0.28033	-0.46015	0.84242
0.40574	0.82507	0.39323
0.20659	-0.89346	0.39882
-0.4067	-0.050453	0.91217
-0.79103	0.42974	0.43542
0.042902	0.97715	0.20818
-0.086923	0.9861	0.14159
-0.30908	0.9423	0.12863
-0.88357	-0.035146	0.46698
-0.31003	0.89988	0.30676
0.71377	-0.15577	0.68284
-0.729	0.46576	0.50163
-0.58054	0.50597	0.63793
-0.15572	0.96128	0.22736
-0.71276	0.62465	0.31904
-0.63031	0.42081	0.6524
-0.016717	0.20047	0.97956
-0.33434	0.14493	0.93124
-0.9602	-0.11052	0.2565
0.98834	0.0044205	0.15221
0.12927	-0.28314	0.95033
0.53252	0.14058	0.83466
0.31545	0.78304	0.53604
0.60566	-0.053168	0.79395
-0.8262	-0.55474	0.09823
-0.30912	-0.84357	0.43913
0.96675	0.17885	0.18278
0.11182	0.0088981	0.99369
0.57412	0.7752	0.26353
-0.47139	0.025142	0.88157
-0.96025	-0.0058026	0.2791
-0.67877	0.6936	0.24122
-0.5133	-0.81965	0.25437
-0.64533	-0.74743	0.15781
0.30248	0.71924	0.62546
-0.75279	0.62199	0.21549
-0.88004	0.44293	0.17131
0.68815	-0.63612	0.349
0.59013	0.47988	0.64921
-0.73084	-0.16283	0.66285
0.91201	0.12688	0.39005
0.43272	0.33341	0.83761
-0.56615	-0.60407	0.56087
-0.4958	0.20066	0.84493
0.91759	0.39752	0.0009966
0.67212	0.45487	0.58425
-0.26758	-0.89686	0.35219
-0.062139	-0.93772	0.34179
-0.36704	-0.86123	0.35151
0.19551	-0.19925	0.96025
-0.79435	-0.29221	0.53256
-0.89588	0.3638	0.25506
-0.24507	-0.81678	0.5223
0.1488	-0.93579	0.31962
0.91273	-0.17155	0.3708
0.033769	0.77793	0.62744
-0.90118	-0.28693	0.32488
-0.50425	0.85816	0.09645
0.87608	-0.27999	0.39253
-0.074369	0.55312	0.82977
0.077324	0.23343	0.9693
-0.60357	-0.21077	0.76895
0.39381	-0.70606	0.58855
-0.94386	0.085224	0.31917
0.76843	0.63901	0.03437
-0.04042	0.63555	0.771
0.052434	0.11244	0.99227
0.3168	-0.56194	0.76411
-0.047864	0.38774	0.92052
0.97648	0.20335	0.071631
-0.35335	-0.23468	0.90558
-0.88248	-0.42256	0.20659
-0.40762	-0.80276	0.43522
-0.055948	0.10387	0.99302
0.7497	0.037251	0.66073
0.46536	0.64489	0.60626
-0.14822	0.36263	0.92007
0.63999	-0.75116	0.16177
0.16154	-0.37888	0.91124
0.13154	0.97887	0.15654
0.65198	0.21845	0.72609
0.94484	0.15233	0.28996
0.12688	0.95577	0.26533
-0.78734	-0.38748	0.47954
0.4411	0.57544	0.68869
-0.33833	0.76049	0.55424
0.97716	-0.10448	0.18504
-0.14448	0.61769	0.77303
-0.31093	0.40968	0.85761
0.19227	-0.47061	0.86114
0.52415	-0.32327	0.78788
0.22614	0.78093	0.58225
0.66523	-0.24473	0.70539
0.42683	-0.039079	0.90349
-0.81478	0.26765	0.5143
-0.75051	0.65961	0.040719
-0.35638	0.31672	0.87902
0.77508	0.13067	0.61821
0.87808	-0.4711	0.083893
-0.55984	0.58707	0.58474
0.802	0.3793	0.46145
0.4931	0.80435	0.33148
0.17065	0.64947	0.74099
-0.37207	0.47399	0.79806
-0.6675	-0.44692	0.59558
0.18726	-0.69906	0.6901
-0.58965	0.35472	0.72559
-0.60273	-0.75953	0.2446
0.90643	0.22651	0.35647
-0.12257	0.18649	0.97478
0.095737	-0.96688	0.2366
0.27584	0.65144	0.70678
-0.30214	-0.03041	0.95278
-0.6743	-0.34742	0.65162
-0.17548	-0.7802	0.60042
0.26442	-0.11818	0.95714
-0.50161	-0.58027	0.64162
-0.92338	-0.36326	0.12412
-0.87336	0.23423	0.42706
-0.9236	0.34881	0.15906
-0.45414	0.80819	0.37494
-0.27778	-0.75113	0.59886
-0.16979	-0.21072	0.96269
-0.69766	0.050953	0.71461
-0.23054	0.16757	0.95852
0.86751	0.20984	0.45098
0.68849	-0.33128	0.64516
0.6362	-0.49946	0.58803
-0.80572	-0.59229	0.0021774
-0.35687	0.84936	0.38889
0.82484	0.1756	0.53741
0.8573	0.31263	0.40902
0.97667	-0.18005	0.11701
-0.20544	-0.71064	0.67289
-0.11106	0.46204	0.87988
0.82918	0.5562	0.05569
0.718	0.62038	0.3156
-0.14653	-0.31642	0.93723
-0.97888	0.19992	0.042721
0.98956	-0.14309	0.01732
-0.67461	0.73586	0.058479
0.82718	-0.38403	0.41024
-0.42956	-0.1561	0.88944
0.34507	0.1559	0.92554
0.40388	0.89402	0.19392
-0.85218	0.39052	0.34826
0.36583	-0.12818	0.92181
0.58379	-0.23859	0.77606
0.44107	0.14914	0.88499
0.29189	-0.85428	0.43012
-0.16419	0.0894	0.98237
0.33246	-0.30677	0.89183
0.020934	0.95086	0.30891
0.23279	0.92278	0.30705
-0.27582	-0.94617	0.16935
0.060363	-0.082607	0.99475
-0.039589	-0.85703	0.51374
0.82822	0.42206	0.36867
0.31208	-0.92177	0.23009
-0.52258	-0.84986	0.068182
0.34493	0.57958	0.73831
-0.92004	0.19888	0.33761
0.21123	0.83709	0.50465
-0.26692	0.06685	0.9614
0.09923	0.71566	0.69136
-0.60889	-0.31841	0.72655
0.95301	0.30104	0.03375
-0.86963	0.066223	0.48924
0.20567	-0.95099	0.2309
0.31433	-0.94787	0.052337
0.098122	-0.99348	0.058019
-0.33396	-0.59832	0.72834
-0.66335	-0.13306	0.73639
0.20359	0.71672	0.66698
-0.33881	-0.1251	0.9325
-0.89225	-0.12943	0.4326
0.3483	-0.87765	0.32925
0.36178	-0.39626	0.84385
-0.1723	-0.97096	0.16601
-0.84694	0.46108	0.26477
0.80924	-0.2258	0.54236
-0.95244	-0.3018	0.042112
0.49108	0.7602	0.42537
-0.37844	-0.71135	0.59225
-0.10832	-0.41903	0.90149
-0.14286	-0.84179	0.52056
-0.22143	-0.93976	0.26043
0.63846	0.76469	0.08731
-0.047146	0.99769	0.048809
0.32071	0.87868	0.35364
0.55288	-0.14373	0.82077
-0.25126	0.3389	0.90665
-0.2108	0.43665	0.87459
-0.45242	-0.45764	0.76543
-0.54574	0.28261	0.78886
0.22032	0.95273	0.20919
-0.92788	-0.17181	0.33094
0.74048	-0.61948	0.26064
-0.6254	-0.62021	0.47351
-0.471	0.6389	0.60824
0.026311	-0.26686	0.96338
0.6337	-0.57766	0.51452
-0.59545	0.76024	0.25976
0.22094	-0.55724	0.80042
-0.6326	0.25613	0.7309
-0.54662	0.75724	0.35748
-0.93147	-0.068443	0.35732
-0.18174	-0.4902	0.85246
0.82124	-0.56478	0.081147
-0.070912	0.76671	0.63806
0.029798	0.99334	0.11134
0.0098179	0.019941	0.99975
-0.70392	-0.54927	0.45034
0.40863	0.86368	0.29508
-0.64501	-0.025612	0.76374
-0.7123	0.2275	0.66398
0.092126	-0.45856	0.88387
0.064515	0.64521	0.76128
0.86577	-0.2	0.45873
0.20487	0.50188	0.84032
-0.083386	0.2842	0.95513
0.37656	-0.64188	0.66798
0.64892	0.38929	0.65372
0.99158	0.12947	0.0014348
-0.84122	-0.10979	0.52942
-0.27739	0.72244	0.63335
0.61541	0.54638	0.56811
-0.95551	-0.25922	0.14072
0.56183	-0.57954	0.59032
-0.44406	-0.73593	0.5111
0.12253	0.99114	0.051208
-0.34574	-0.78134	0.51959
-0.78343	0.1999	0.58846
0.47127	0.41543	0.77802
0.70958	0.57419	0.40841
0.75217	-0.060343	0.6562
0.98795	0.10591	0.11285
-0.20535	-0.39447	0.89567
0.26241	-0.38922	0.88298
0.91938	-0.25031	0.30344
-0.72515	-0.46492	0.50794
0.60301	-0.79512	0.064552
0.13848	0.15618	0.97797
-0.52304	-0.49022	0.69722
-0.82174	0.53602	0.19345
-0.38511	-0.31914	0.86593
0.18548	0.071265	0.98006
-0.83823	0.33193	0.43265
0.76783	-0.47973	0.42462
0.46709	-0.7752	0.42532
0.51937	-0.046242	0.8533
-0.59753	-0.69398	0.40168
-0.01183	-0.99785	0.064505
0.30987	0.50402	0.80619
-0.63875	0.75241	0.16087
0.13144	0.87924	0.45788
0.55834	0.82754	0.058553
-0.53819	0.44983	0.71274
0.78538	-0.14461	0.60189
-0.95642	0.25967	0.13354
-0.76166	-0.64165	0.090294
0.49493	-0.23138	0.83756
0.63265	0.60842	0.47915
-0.072005	-0.79955	0.59627
0.15747	-0.62885	0.76142
-0.066152	-0.98496	0.15959
0.44613	-0.83241	0.32872
0.31025	-0.75753	0.57436
0.88027	0.43985	0.17791
0.10126	-0.90545	0.41219
-0.044461	-0.34269	0.9384
0.70557	-0.49334	0.50872
0.38738	-0.48136	0.78628
0.29082	-0.47783	0.82892
0.39186	0.91538	0.092288
0.38986	0.058381	0.91902
-0.12056	-0.99017	0.070946
-0.26	0.93986	0.22148
0.71621	-0.67755	0.16725
-0.86507	-0.50151	0.01151
0.88075	0.46735	0.076491
-0.69543	-0.71438	0.077682
-0.56139	-0.00073752	0.82755
-0.436	0.12361	0.89142
-0.41053	0.59929	0.68725
0.38251	-0.82656	0.41289
0.48495	0.051151	0.87305
-0.66405	0.62581	0.40914
0.70231	-0.41375	0.57928
0.095744	0.83461	0.54246
-0.1758	0.5318	0.82842
0.0020881	-0.74808	0.66361
0.25768	-0.81643	0.51676
-0.66833	0.15419	0.72771
0.53069	0.5656	0.63124
-0.35701	-0.51187	0.78137
-0.19976	0.97048	0.13515
-0.05365	-0.59968	0.79844
-0.78937	-0.55218	0.26831
-0.45059	0.4927	0.74446
-0.49842	-0.078723	0.86335
0.14467	0.92281	0.35706
-0.46075	0.86529	0.19745
-0.26803	-0.19644	0.94317
-0.99243	-0.093756	0.079315
0.7772	0.58209	0.23902
0.46627	-0.72121	0.51231
0.89545	-0.091134	0.43573
0.5736	0.73561	0.36035
0.29935	-0.21366	0.92991
-0.84489	-0.3089	0.43675
-0.55645	-0.76003	0.33573
0.82835	0.49583	0.26074
-0.16569	-0.92239	0.34891
-0.7383	0.54447	0.39808
-0.19612	-0.015606	0.98046
0.3742	-0.78073	0.50043
0.24464	0.16051	0.95624
-0.83013	-0.0063537	0.55754
-0.46329	-0.81559	0.34666
-0.0088026	-0.44084	0.89754
-0.025931	-0.67782	0.73477
0.032715	-0.81008	0.58541
0.84503	-0.11799	0.52153
-0.088836	0.86968	0.48556
0.56603	0.68769	0.45464
0.66293	0.034687	0.74788
-0.73396	-0.37065	0.56914
0.32867	-0.031607	0.94392
-0.94883	0.31173	0.050477
-0.37102	0.047077	0.92743
0.69145	0.52313	0.49822
-0.65011	-0.69728	0.30194
-0.39772	0.78955	0.46736
-0.87715	-0.37854	0.29549
-0.72299	-0.63082	0.2817
0.13968	-0.81291	0.56538
0.20641	-0.97705	0.052561
-0.77525	-0.60497	0.18167
0.16477	0.41824	0.89327
-0.5929	0.80146	0.078259
-0.36307	0.90722	0.21245
-0.34846	0.55911	0.75231
-0.94451	-0.2213	0.24274
0.30074	0.95273	0.043056
-0.13137	0.81474	0.56475
-0.64889	-0.53726	0.53879
-0.84722	0.16745	0.50416
-0.93406	0.26355	0.24096
-0.56027	-0.81293	0.15888
-0.678	-0.62906	0.38026
0.77664	0.61492	0.13678
0.12182	0.32919	0.93637
-0.31259	0.64453	0.69776
0.37417	0.42188	0.82584
0.76898	-0.40298	0.49626
-0.20569	0.92676	0.31433
-0.97443	-0.15576	0.16196
0.99855	0.031494	0.04365
-0.75133	-0.55347	0.35941
-0.81942	0.57281	0.020836
0.26476	-0.63429	0.72635
0.86824	0.40948	0.28015
-0.95424	0.15678	0.25465
0.80613	-0.5316	0.25991
0.90162	-0.40128	0.16141
0.15957	-0.098699	0.98224
-0.29498	0.24327	0.92402
0.40992	0.50074	0.76239
0.33408	0.33858	0.87963
0.82206	0.063057	0.5659
-0.63276	0.69732	0.3367
-0.49525	0.55088	0.67176
0.93598	-0.059797	0.34692
0.9458	-0.29192	0.14232
0.55235	0.62992	0.54599
0.23116	-0.29621	0.92673
0.48455	0.86477	0.13189
0.7161	0.6639	0.2155
0.70026	0.11649	0.70432
0.15249	-0.97761	0.14503
0.78498	-0.59537	0.17127
0.96603	-0.25388	0.04821
0.8212	-0.45977	0.33799
-0.37725	0.68451	0.6238
-0.99615	0.087497	0.0051022
0.76041	-0.32307	0.56339
0.83306	0.53014	0.15797
0.77844	0.52819	0.33918
0.81418	0.28838	0.50393
0.95103	0.27484	0.14146
-0.4516	0.89215	0.011414
0.38986	0.24638	0.8873
0.43105	-0.3154	0.84541
0.079855	-0.68997	0.71942
0.51392	-0.8557	0.060578
-0.77435	0.36557	0.51646
-0.37557	-0.91126	0.16897
0.56907	0.80614	0.16213
-0.10221	-0.7335	0.67196
-0.21168	0.6748	0.70699
-0.42009	-0.86941	0.2601
-0.64994	0.50576	0.56727
0.48352	0.23909	0.84205
0.52583	0.32514	0.786
-0.50352	-0.75216	0.42512
-0.71876	-0.055172	0.69306
-0.011928	-0.96905	0.24659
0.96718	-0.027739	0.25258
-0.80091	0.48244	0.35468
0.54887	-0.71538	0.4324
-0.46453	-0.35769	0.81011
-0.22719	-0.97092	0.075492
-0.10128	0.0058953	0.99484
0.8761	-0.35783	0.32311
-0.30038	-0.36256	0.88223
-0.43446	0.72	0.54114
-0.71707	0.68297	0.13915
-0.022428	0.82766	0.56078
-0.0047116	0.71047	0.70371
0.6131	0.31411	0.72488
-0.12999	-0.65975	0.74016
0.91519	0.34407	0.20986
-0.45621	0.29674	0.83894
0.75644	-0.64964	0.07595
-0.15191	0.9026	0.40278
0.12149	-0.5476	0.82787
0.21751	0.97087	0.10054
0.26103	-0.95495	0.14116
0.29073	0.25102	0.92329
0.22908	0.883	0.40967
-0.014678	-0.16716	0.98582
0.97223	0.079007	0.22029
0.47128	0.88145	0.030729
-0.73711	-0.27013	0.61944
0.61908	0.13018	0.77447
0.37401	0.65089	0.66065
-0.82759	-0.46949	0.30768
0.72426	0.20571	0.65813
-0.52507	0.67191	0.52234
0.74165	-0.24111	0.62595
-0.041681	-0.071721	0.99655
-0.17488	0.74902	0.63905
0.92826	-0.36511	0.070872
0.47819	-0.49057	0.72847
-0.78052	0.55447	0.28872
-0.81134	0.097456	0.57639
0.25708	-0.9129	0.31705
0.6095	-0.33049	0.72062
0.30823	0.93922	0.15122
-0.6049	-0.42228	0.67511
-0.25777	-0.55048	0.79406
-0.97122	0.17276	0.16395
-0.49936	0.38363	0.77683
0.68469	-0.05772	0.72655
0.019984	0.87554	0.48273
0.91566	-0.32706	0.23367
-0.67387	-0.24214	0.69805
0.86587	-0.43303	0.25051
-0.98261	-0.045491	0.18004
-0.10599	-0.89468	0.43395
0.17205	-0.85789	0.48417
-0.045948	0.91527	0.40022
0.059196	-0.36419	0.92944
0.05486	0.91703	0.39502
0.21388	-0.76278	0.61027
-0.83703	-0.39057	0.3832
0.50391	-0.82894	0.24277
0.36654	-0.91936	0.14293
-0.52447	-0.17816	0.83258
0.63711	-0.15021	0.756
0.029653	0.56721	0.82304
-0.8933	0.29604	0.33819
-0.58168	0.68906	0.43226
0.29046	0.064924	0.95468
-0.97854	-0.19726	0.059528
0.057137	0.40653	0.91185
0.64627	0.73898	0.19039
-0.24749	-0.29086	0.9242
-0.11769	-0.95972	0.25513
0.94601	0.049578	0.32032
-0.051058	0.97147	0.23161
0.39974	-0.22321	0.88903
-0.70584	-0.68127	0.19405
0.46223	-0.13624	0.87623
0.41808	-0.90674	0.055058
0.99395	-0.069923	0.084684
-0.78393	-0.084015	0.61514
-0.19539	0.85233	0.48513
0.62759	-0.41751	0.65713
-0.58859	-0.51705	0.62146
0.10778	-0.7559	0.64575
-0.22715	-0.10789	0.96787
-0.49217	0.74459	0.45095
0.91064	0.020614	0.41269
-0.90137	0.13017	0.41302
-0.43177	-0.54969	0.71513
-0.14552	0.98824	0.047021
0.8714	0.1	0.48027
0.48256	0.70639	0.51783
-0.53946	-0.68221	0.49352
-0.2559	0.88089	0.39818
-0.33037	-0.94077	0.076275
-0.40992	0.90498	0.11392
0.61314	-0.71014	0.34606
0.62673	-0.64631	0.43531
-0.91494	-0.40285	0.024613
0.13368	0.77931	0.61222
0.64992	0.7022	0.29073
-0.90853	0.41118	0.07423
0.89171	0.32237	0.3177
0.71142	0.69362	0.11301
0.097924	0.4943	0.86376
-0.79042	0.60108	0.11807
-0.24683	0.59282	0.76658
-0.88105	-0.46088	0.10651
0.091712	-0.18413	0.97861
0.55219	-0.65423	0.51679
-0.096879	0.94312	0.31803
0.4638	-0.8731	0.15028
-0.32253	-0.90953	0.26216
0.27154	0.4235	0.86424
-0.76838	0.021814	0.63963
0.64549	0.65874	0.38652
0.5592	-0.49967	0.66153
0.82314	-0.30589	0.4784
0.042641	-0.94256	0.33132
-0.076916	-0.24067	0.96756
-0.15646	-0.57867	0.80041
-0.55267	0.81388	0.17932
-0.612	-0.78808	0.066229
0.55637	-0.8164	0.15471
-0.53742	-0.39211	0.74661
-0.35611	0.934	0.02893
0.13564	0.57543	0.80653
-0.77949	-0.47233	0.41147
-0.87362	0.47617	0.008608
-0.94964	-0.2906	0.061347
0.94767	-0.24426	0.17969
0.73327	0.4887	0.46207
-0.52822	0.66152	0.52288
-0.030791	0.83584	0.53894
-0.94686	0.24713	0.18002
0.7726	0.24916	0.57535
0.83907	0.13538	0.51736
-0.65803	-0.43589	0.60582
0.54543	0.32848	0.76462
0.22397	-0.96548	0.087801
0.52538	0.58677	0.60803
0.029324	-0.89917	0.42503
-0.98227	0.11141	0.11297
0.59094	-0.43476	0.67216
0.26033	-0.80362	0.52579
0.21179	-0.1857	0.9543
0.95996	0.2602	0.028114
-0.041579	-0.98339	0.14576
-0.90234	-0.13993	0.39526
0.96121	0.051735	0.25185
-0.2478	0.96312	0.032065
-0.37088	-0.025491	0.92294
0.013742	-0.35818	0.92819
0.10019	-0.82699	0.54413
-0.75035	0.47751	0.44607
0.22799	0.83613	0.48881
0.17888	-0.87744	0.43374
0.71372	-0.01917	0.693
-0.82701	0.12183	0.53966
0.77104	-0.4178	0.47008
-0.75565	0.22928	0.60535
0.55695	-0.20019	0.79985
0.9329	0.19677	0.2846
-0.81054	-0.53639	0.21293
0.81588	-0.46035	0.33531
-0.71987	-0.2919	0.62178
-0.32675	0.89896	0.27409
0.46527	-0.48343	0.73474
0.59632	-0.051789	0.79482
0.57023	0.76807	0.27374
-0.6955	0.70115	0.12122
0.11558	0.80151	0.57814
-0.60256	-0.56678	0.55291
-0.99372	-0.025159	0.04371
0.54156	0.46314	0.69443
0.2933	0.91367	0.26309
0.38267	-0.39501	0.82919
0.7898	0.56064	0.22786
0.91029	0.39766	0.057022
0.70584	-0.37049	0.59544
-0.40644	0.12354	0.89976
0.51175	-0.34795	0.77914
0.09601	-0.46506	0.87437
0.48746	-0.84615	0.19091
-0.41249	-0.72728	0.53939
-0.54701	-0.82478	0.10267
0.0010871	0.012274	0.99492
0.75039	0.64375	0.1119
0.67336	-0.14877	0.71728
-0.62189	0.058087	0.77454
-0.095922	0.95459	0.26379
-0.75743	-0.15945	0.62523
0.4542	0.88461	0.034452
0.37155	0.77129	0.50704
-0.20218	0.90928	0.34979
0.98346	-0.13069	0.075856
0.53963	-0.56119	0.61959
-0.45885	0.52663	0.70862
-0.839	-0.12458	0.52018
-0.66521	0.45951	0.57997
-0.29102	-0.92862	0.20737
0.30555	0.52039	0.79112
0.65042	0.35519	0.66394
0.17849	-0.56106	0.80211
-0.46751	-0.78216	0.39961
0.81613	0.35495	0.44495
0.43078	0.28837	0.84929
0.067278	0.37815	0.91788
-0.94803	-0.15019	0.26212
-0.052446	-0.84095	0.52922
0.26409	0.11373	0.95255
0.68113	-0.6972	0.19997
0.06864	-0.21585	0.96888
-0.79396	0.59586	0.067857
-0.56811	0.429	0.69515
-0.3858	-0.8644	0.3066
-0.0090759	0.99494	0.0057177
0.24008	-0.035949	0.96493
0.84595	-0.52196	0.044195
0.65532	0.22836	0.71304
-0.72964	0.097515	0.66944
-0.86835	-0.41155	0.25812
-0.54341	0.7737	0.31003
0.80598	-0.2764	0.51383
0.14461	0.70411	0.688
-0.60651	0.7885	0.021024
0.69068	-0.71505	0.04106
-0.89633	-0.41636	0.11519
0.456	-0.81295	0.34814
0.95545	-0.27487	0.039952
-0.83396	-0.53745	0.0754
0.18263	-0.74349	0.63553
0.15919	-0.3298	0.92516
0.87153	-0.1659	0.45049
-0.35572	-0.43072	0.82339
-0.084781	0.55882	0.81888
-0.59078	-0.72506	0.33955
-0.83659	0.37178	0.38978
0.87089	0.23103	0.42214
-0.7649	0.59941	0.21368
0.10265	-0.97296	0.18119
-0.11298	-0.90651	0.39434
0.11657	0.98506	0.078052
0.88418	0.33491	0.30997
-0.42586	0.82722	0.35268
0.26622	0.95208	0.11268
-0.66873	0.33144	0.65801
0.18654	0.46373	0.86034
0.19448	0.32566	0.91986
0.24303	-0.4345	0.86149
-0.011805	-0.95235	0.28795
0.57595	-0.76303	0.27586
0.25977	0.7473	0.6034
0.93275	0.30092	0.17159
0.91993	-0.20811	0.31692
0.63816	0.4884	0.58672
-0.60717	-0.34362	0.70943
0.47616	-0.87249	0.045375
0.13313	0.073356	0.98332
-0.13661	0.046625	0.98447
0.41148	0.14702	0.89392
0.021689	-0.75995	0.6419
0.43262	-0.24831	0.86093
0.60496	0.68918	0.3861
-0.17788	0.32822	0.92231
-0.77096	-0.52435	0.34743
-0.41949	-0.53066	0.7297
-0.33724	-0.17283	0.92001
-0.55184	0.55771	0.61193
-0.82355	-0.39664	0.39302
-0.76191	-0.3752	0.51839
0.98876	0.014915	0.11024
-0.31698	0.36256	0.87069
0.3365	0.85133	0.38992
0.36971	-0.88579	0.26213
0.75586	-0.58671	0.2729
0.30174	0.24044	0.91715
-0.41479	0.67281	0.60441
0.34516	-0.14186	0.92237
0.33804	-0.71266	0.60652
-0.20253	0.46349	0.85685
0.4194	0.55994	0.70753
-0.64941	0.20083	0.72661
0.39798	0.67449	0.61376
-0.06499	0.90465	0.40916
-0.32046	-0.94022	0.057631
-0.58293	0.78922	0.16535
-0.95299	0.12176	0.25887
0.73812	0.13459	0.65353
-0.33608	-0.82007	0.45229
-0.65762	-0.62003	0.41609
-0.064022	-0.99294	0.0021571
0.77153	-0.61631	0.12218
0.16819	0.59062	0.78288
-0.28443	-0.56224	0.77007
-0.20892	-0.67269	0.70275
-0.9765	-0.017351	0.19017
0.62765	0.59608	0.49069
-0.4492	0.39924	0.793
-0.74138	-0.64917	0.13769
-0.078807	-0.1025	0.98656
-0.48661	0.8655	0.064344
0.10247	-0.66825	0.73005
0.47496	-0.67586	0.55465
0.30681	-0.86482	0.38469
0.37451	0.0081082	0.92179
0.3005	-0.29391	0.90186
-0.067384	0.42773	0.89584
-0.19712	-0.83994	0.49565
-0.29537	0.22687	0.92266
-0.85218	0.48916	0.15661
-0.21853	0.58902	0.77158
-0.53953	-0.68261	0.48268
0.89253	-0.35872	0.25442
0.54079	0.1893	0.81347
-0.46564	-0.13325	0.86917
-0.0083487	0.15325	0.98309
-0.79455	-0.008848	0.59886
-0.51284	-0.81472	0.25149
0.73362	0.37748	0.55617
0.62963	-0.29769	0.71062
-0.87961	0.0036934	0.46508
-0.35058	-0.65266	0.66419
-0.42248	-0.88721	0.15617
-0.27594	-0.75535	0.58594
0.10005	-0.082973	0.98647
-0.0616	-0.47393	0.87271
0.8728	-0.020556	0.47731
0.8583	-0.32004	0.38849
-0.18319	-0.97227	0.10565
0.68762	0.67408	0.25065
-0.25237	0.69933	0.66126
-0.22344	0.95085	0.1897
-0.13134	-0.76526	0.62221
0.65414	-0.66253	0.35098
-0.14579	0.77405	0.60796
0.79975	0.021109	0.59159
-0.8885	0.37578	0.2437
-0.20274	-0.2068	0.95192
-0.69762	-0.049171	0.70777
0.433	0.43054	0.7856
-0.93845	-0.0077427	0.33056
-0.11698	0.98303	0.099933
-0.96707	0.23207	0.030724
-0.066107	-0.23824	0.96379
0.050837	0.51602	0.84921
-0.63334	-0.74205	0.19559
-0.70785	-0.64112	0.27919
0.92934	-0.060576	0.35027
-0.032584	0.28648	0.95231
-0.82894	-0.25838	0.48593
-0.66011	-0.74296	0.047871
0.28544	0.64139	0.7051
-0.50109	0.016682	0.85945
-0.17853	0.84678	0.49104
-0.54406	-0.48814	0.67509
-0.15511	0.18986	0.96432
-0.66063	0.69572	0.26375
0.83978	0.52679	0.085342
0.81273	0.464	0.33794
-0.42981	0.26536	0.85724
0.50987	0.049047	0.85303
0.7995	-0.11987	0.58005
-0.48163	-0.61637	0.61494
0.43731	0.84904	0.27913
0.53612	-0.72279	0.42448
0.59484	-0.78893	0.11736
-0.64802	0.57429	0.4902
-0.59458	0.68819	0.4036
-0.28225	-0.32258	0.89794
-0.92059	0.36525	0.09553
0.25991	-0.6439	0.71264
-0.9052	0.25474	0.32518
0.66253	-0.49925	0.54939
0.71769	0.58747	0.36031
-0.45116	-0.88682	0.0053988
0.32657	-0.52688	0.77831
0.87165	0.43634	0.19964
-0.30838	0.84305	0.42917
0.31747	0.38558	0.86056
0.35897	-0.91978	0.12316
-0.5327	0.16266	0.8245
-0.15346	-0.95031	0.25176
-0.14148	-0.35453	0.91887
-0.48613	-0.39157	0.77484
0.47673	0.77753	0.39774
-0.4417	0.75702	0.47101
-0.34851	0.60803	0.7063
0.63488	0.087684	0.76109
0.84082	-0.4958	0.19296
-0.93024	-0.28758	0.20489
0.13315	-0.93336	0.31801
-0.81014	0.49083	0.30461
0.60556	-0.61742	0.49205
0.15659	0.95752	0.22057
0.71976	-0.54679	0.41593
-0.76148	0.35781	0.53117
-0.65345	-0.19784	0.7238
-0.11155	0.67702	0.72057
0.64376	0.74694	0.13294
-0.23053	-0.064843	0.96575
0.02872	0.64042	0.76097
0.18887	0.90693	0.36309
-0.53892	-0.24371	0.80012
0.24344	-0.93544	0.23605
-0.057244	-0.6767	0.7272
0.97157	0.15966	0.14348
0.020975	-0.57807	0.80958
-0.45876	0.85795	0.20852
0.90772	-0.39126	0.11399
0.96646	-0.097183	0.21572
-0.97495	-0.15659	0.12236
-0.71292	0.59485	0.35766
-0.89082	-0.27696	0.34607
0.57928	0.80893	0.0093415
-0.27365	0.0838	0.95295
0.38764	0.90372	0.15182
0.50614	0.69008	0.50757
-0.35582	0.92112	0.12229
0.39704	-0.77746	0.47743
-0.55464	0.30066	0.76941
0.046113	0.94153	0.31847
-0.33504	0.49074	0.79809
0.081264	-0.99082	0.041238
0.47304	-0.096574	0.87002
0.12387	0.21636	0.96326
-0.90171	0.13056	0.39988
0.080221	0.8811	0.45525
-0.25208	-0.89476	0.3548
-0.21583	-0.46158	0.85462
0.52472	0.83133	0.1536
-0.71405	-0.5024	0.47723
0.010769	0.97982	0.1728
0.0009578	0.74778	0.65639
0.73596	-0.23203	0.62813
-0.30851	0.76868	0.55134
-0.13667	-0.57764	0.79855
0.91182	0.089759	0.38802
-0.41506	-0.28643	0.85774
0.4071	-0.60533	0.67666
-0.58608	-0.08979	0.79905
-0.84092	0.24955	0.46968
-0.92246	-0.37092	0.14666
0.98256	-0.12724	0.16855
0.70275	0.62222	0.35917
-0.57973	0.68281	0.45575
-0.097143	0.90597	0.42403
-0.96994	0.18153	0.19049
0.77024	0.40371	0.50376
0.84653	0.28851	0.45846
-0.59659	-0.41003	0.69712
0.54041	0.48805	0.69266
0.32534	-0.92715	0.21114
0.48895	0.72088	0.50128
-0.25427	-0.97076	0.054745
0.13448	-0.83154	0.54817
-0.99407	0.0335	0.144
0.66004	-0.28052	0.70405
0.36025	-0.70004	0.62464
0.26357	-0.028434	0.96941
0.062369	-0.96198	0.28413
-0.87892	-0.16877	0.4572
0.96872	0.17897	0.19894
0.43893	-0.89904	0.09536
-0.33891	0.071077	0.94346
0.83847	-0.55391	0.013036
0.081162	-0.2227	0.97665
0.20238	-0.73593	0.65381
-0.78686	0.46753	0.41507
0.16106	0.92375	0.36162
0.2828	-0.79441	0.54677
0.74213	0.14781	0.66138
-0.82482	0.11956	0.5616
0.83242	-0.27533	0.49121
-0.76178	0.24269	0.60895
0.60652	-0.03204	0.80071
0.92676	0.32532	0.21288
-0.75284	-0.58069	0.32566
0.87723	-0.33266	0.36031
-0.6727	-0.27032	0.69601
-0.40969	0.90282	0.16462
0.54083	-0.33199	0.7793
0.63092	0.1187	0.77322
0.50446	0.85789	0.13992
-0.76526	0.64898	0.056794
0.054659	0.89134	0.46103
-0.52945	-0.54259	0.65978
-0.99412	-0.11342	0.094282
0.52058	0.6117	0.60402
0.21125	0.97492	0.1222
0.45211	-0.23837	0.86533
0.7444	0.66577	0.11245
0.76638	-0.21656	0.61301
-0.39045	0.21272	0.90129
0.57534	-0.18638	0.80267
0.17277	-0.32893	0.9338
0.58142	-0.76856	0.28512
-0.32279	-0.68618	0.65954
-0.46275	-0.85839	0.24301
0.033314	0.15436	0.99252
0.71548	0.01844	0.70553
-0.60446	0.10918	0.79545
-0.1838	0.97869	0.13566
0.15834	-0.9918	0.035848
-0.72367	-0.14157	0.68285
0.31242	0.87548	0.38204
-0.28306	0.93576	0.23294
1.0036	-0.025611	0.047325
0.61949	-0.41875	0.67149
-0.49019	0.58167	0.65681
-0.81266	-0.12962	0.5769
-0.69502	0.47684	0.54735
-0.19163	-0.92242	0.34993
0.281	0.66001	0.70388
0.63979	0.51026	0.58337
0.26288	-0.42695	0.871
-0.37721	-0.766	0.53007
0.79889	0.49453	0.3567
0.43216	0.4493	0.78829
0.060288	0.51384	0.8616
-0.92826	-0.20234	0.32774
0.049977	-0.76649	0.64809
0.28583	0.27434	0.92362
0.76123	-0.60057	0.26432
0.12331	-0.069993	0.99495
-0.61247	-0.79634	0.027576
-0.85533	0.52719	0.022744
-0.59054	0.47216	0.66208
-0.28998	-0.85335	0.44467
0.27723	0.12484	0.95791
0.90386	-0.43268	0.076512
0.65917	0.39149	0.64981
-0.9713	-0.25408	0.045088
-0.7202	0.12316	0.69005
-0.82199	-0.45547	0.35624
-0.61347	0.76263	0.2282
-0.92642	-0.38958	0.0020213
0.85473	-0.12502	0.51365
0.097345	0.81284	0.58296
0.76728	-0.64011	0.10754
-0.85441	-0.48333	0.2154
0.55177	-0.71606	0.43913
0.98876	-0.17692	0.032785
-0.86879	-0.50113	0.063942
-0.78089	-0.6036	0.18948
0.27983	-0.63192	0.72965
0.22429	-0.18104	0.96278
0.90728	-0.017834	0.43191
-0.28614	-0.34504	0.8995
-0.114	0.66506	0.7448
-0.50882	-0.72947	0.46797
-0.8647	0.34604	0.37758
0.86563	0.37315	0.34852
-0.82159	0.5543	0.1666
0.20738	-0.93281	0.31126
-0.0087456	-0.85677	0.52526
0.86473	0.4618	0.22137
-0.49936	0.83319	0.25781
-0.68301	0.36017	0.64327
0.16951	0.60217	0.78656
0.19342	0.474	0.86484
0.31692	-0.28636	0.90972
0.093926	-0.90795	0.42051
0.66477	-0.66527	0.35429
0.20581	0.85471	0.48696
0.9123	0.41283	0.085495
0.95567	-0.074311	0.30199
0.61144	0.63066	0.4883
-0.55133	-0.29855	0.78544
0.56784	-0.81663	0.14388
0.15939	0.22608	0.96618
-0.10881	0.17395	0.98383
0.42853	0.31314	0.85342
0.12006	-0.66272	0.74593
0.48855	-0.083057	0.87432
0.55109	0.79871	0.26151
-0.18077	0.44144	0.88458
-0.70978	-0.54572	0.45653
-0.34326	-0.46396	0.82276
-0.29036	-0.072798	0.95938
-0.58998	0.58995	0.56027
-0.77396	-0.41711	0.48686
-0.71	-0.372	0.60625
0.99535	0.12473	0.061229
-0.32569	0.455	0.83482
0.2652	0.93509	0.25555
0.46955	-0.80906	0.36738
0.82759	-0.47306	0.31832
0.30966	0.39899	0.86887
-0.46419	0.71648	0.53029
0.39203	0.02334	0.92509
0.43185	-0.59058	0.68902
-0.22138	0.56438	0.80155
0.38855	0.69829	0.60946
-0.64812	0.2418	0.72904
0.35232	0.79688	0.50087
-0.1428	0.95268	0.2864
-0.22506	-0.95815	0.20329
-0.6596	0.75367	0.083332
-0.96079	0.067413	0.28698
0.74979	0.29755	0.59943
-0.2396	-0.7837	0.58175
-0.58397	-0.62037	0.53305
0.035961	-0.99412	0.14301
0.84125	-0.52255	0.17107
0.13567	0.71567	0.69241
-0.20306	-0.47678	0.86109
-0.11833	-0.58914	0.80557
-0.97269	-0.083099	0.23875
-0.79186	-0.61686	0.049588
0.58678	0.72313	0.37788
-0.46481	0.46783	0.75836
-0.67453	-0.69709	0.26285
-0.035633	0.031316	1.0039
0.19491	-0.55117	0.81746
0.56392	-0.54832	0.62559
0.40838	-0.77668	0.48993
0.40636	0.17533	0.90231
0.36182	-0.13518	0.92781
-0.080715	0.54723	0.83908
-0.096567	-0.78405	0.62126
-0.28854	0.32942	0.90457
-0.90006	0.42811	0.12901
-0.25298	0.67563	0.69967
-0.45681	-0.66191	0.60269
0.94124	-0.23575	0.26173
0.55145	0.35605	0.76103
-0.42503	-0.052879	0.90917
0.0092133	0.2921	0.96157
-0.77704	0.0010354	0.63736
0.30289	-0.95586	0.067906
-0.42444	-0.82387	0.38873
0.71749	0.52499	0.46864
0.68636	-0.13491	0.72162
-0.86824	-0.013679	0.50596
-0.26394	-0.58819	0.77097
-0.32957	-0.90103	0.29924
-0.18124	-0.69448	0.70348
0.14205	0.067773	0.9926
0.0153	-0.35301	0.94084
0.89479	0.13079	0.43848
0.90746	-0.18137	0.39197
-0.082337	-0.97012	0.24922
0.63108	0.77221	0.12433
-0.30182	0.76647	0.57573
-0.314	0.95225	0.06819
-0.033773	-0.68539	0.73425
0.7357	-0.54707	0.4117
-0.20409	0.84338	0.50704
0.82106	0.18162	0.55036
-0.92216	0.32423	0.2335
-0.15076	-0.089239	0.98961
-0.67195	-0.014323	0.7472
0.4179	0.58193	0.7048
-0.93072	-0.04987	0.3759
-0.99374	0.1433	0.044338
-0.0099459	-0.10584	0.99936
0.027554	0.63971	0.77462
-0.5547	-0.771	0.32849
-0.6369	-0.66569	0.40155
0.95135	0.078199	0.31439
-0.029609	0.41801	0.91346
-0.7902	-0.26673	0.56077
-0.58645	-0.79554	0.18226
0.2457	0.76626	0.60208
-0.47609	0.091594	0.88033
-0.24826	0.89596	0.38165
-0.47451	-0.4413	0.76819
-0.11032	-0.99346	0.10438
-0.14252	0.31188	0.94469
-0.49394	-0.87048	0.091214
-0.72489	0.66725	0.19833
0.66391	-0.75261	0.053219
0.78088	0.58748	0.23479
-0.42966	0.34559	0.84023
0.53587	0.21915	0.82149
0.83465	0.039626	0.55841
-0.40089	-0.57158	0.72292
0.36297	0.92659	0.14037
0.6257	-0.60779	0.49911
0.68104	-0.71188	0.19859
-0.69235	0.57991	0.44088
-0.65309	0.68601	0.336
-0.22075	-0.21977	0.95551
-0.95832	0.28954	0.088411
0.35	-0.51443	0.78923
-0.92399	0.21379	0.33252
0.73432	-0.35542	0.58692
0.67371	0.70453	0.24451
-0.36349	-0.9249	0.14987
0.40736	-0.38223	0.83545
0.8382	0.54582	0.097624
-0.38038	0.87105	0.32649
0.30891	0.53688	0.79143
0.45751	-0.86376	0.23373
-0.52374	0.2289	0.82663
-0.04978	-0.92458	0.39077
-0.075431	-0.23518	0.97418
-0.42271	-0.32542	0.85173
0.41376	0.87611	0.26695
-0.5042	0.7787	0.38656
-0.38766	0.67287	0.63796
0.65445	0.25639	0.71833
0.90107	-0.38589	0.2218
-0.89845	-0.34557	0.28877
0.23862	-0.87096	0.44104
-0.85301	0.45491	0.27468
0.6871	-0.48665	0.54872
0.068082	0.99949	0.080096
0.79212	-0.41634	0.45743
-0.7831	0.35948	0.51725
-0.61204	-0.15581	0.78176
-0.15612	0.76614	0.63141
-0.19253	0.051384	0.98505
-0.010182	0.74882	0.67021
0.1104	0.97255	0.22801
-0.4898	-0.17967	0.85897
0.34685	-0.87422	0.35419
0.035243	-0.5752	0.82336
0.96459	0.27192	0.075162
0.10663	-0.45781	0.88829
-0.54035	0.84007	0.11105
0.95506	-0.28674	0.12519
0.98781	0.026088	0.18325
-0.95936	-0.23122	0.19023
-0.76408	0.57527	0.30865
-0.85518	-0.31109	0.42652
-0.25127	0.1934	0.95367
0.30327	0.95812	0.0079109
-0.69675	-0.71468	0.11752
0.45583	0.80754	0.38746
-0.44623	0.90043	0.011223
0.49331	-0.6679	0.56621
-0.56157	0.35631	0.75347
-0.037978	0.98702	0.18539
-0.35921	0.5705	0.74533
0.18299	-0.9726	0.17489
0.51414	0.073123	0.86043
0.13498	0.36467	0.92672
-0.90543	0.10119	0.42424
0.0069783	0.94965	0.32885
-0.15098	-0.86396	0.49071
-0.14147	-0.35798	0.92836
0.44832	0.89937	0.013231
-0.65047	-0.49993	0.5805
-0.082243	1.001	0.036175
-0.052418	0.83811	0.55212
0.78376	-0.071204	0.62504
-0.3689	0.81446	0.45891
-0.052127	-0.47397	0.88468
0.91985	0.23156	0.33208
-0.35915	-0.20217	0.91661
0.49274	-0.46716	0.74094
-0.55274	-0.031101	0.83877
-0.85404	0.23538	0.4746
