0.20297	0.56398	0.80045
0.93609	0.35113	0.020833
-0.02081	0.99973	0.0099735
0.27497	-0.19679	0.9411
-0.33911	0.91901	0.20105
-0.21662	0.10339	0.97077
-0.0035946	-0.65789	0.75311
0.077414	-0.14502	0.98639
0.1539	0.21967	0.96336
-0.34831	0.65093	0.67452
-0.60582	0.706	0.36681
0.60908	-0.29106	0.73777
0.77523	0.60087	0.19489
-0.26893	-0.22657	0.93613
0.35615	-0.60349	0.71341
0.49865	-0.65062	0.57275
0.69262	0.72003	0.042814
-0.39411	-0.53749	0.74551
-0.64278	-0.7089	0.29034
0.014181	0.060082	0.99809
0.0070464	0.58833	0.80859
-0.1315	0.42331	0.89639
0.88418	0.41901	0.20654
0.39283	0.5145	0.76221
-0.52704	-0.71367	0.46141
0.32583	-0.93186	0.15958
0.78928	-0.44255	0.42567
0.13934	-0.3537	0.92492
-0.76912	0.18162	0.61276
-0.96962	-0.1606	0.1845
-0.072202	0.85194	0.51864
0.10885	0.9795	0.16952
0.98692	0.0029148	0.16119
-0.48799	0.6915	0.53263
-0.43638	0.13887	0.88898
-0.87737	0.18625	0.4422
0.85677	-0.024603	0.51511
-0.49125	0.32215	0.80925
-0.66154	-0.2031	0.72188
-0.48965	-0.19284	0.85033
-0.42155	0.8259	0.37442
-0.56185	-0.38362	0.73291
0.14769	-0.8624	0.4842
-0.13496	0.73288	0.66684
0.99091	0.13449	0.00091081
-0.85726	-0.50815	0.083013
0.49295	-0.45804	0.73973
-0.010812	-0.4899	0.87171
0.60429	0.763	0.22949
-0.69044	-0.56574	0.45082
-0.19189	-0.7527	0.62978
-0.38554	-0.68811	0.61471
-0.064292	-0.29204	0.95424
-0.28863	0.28623	0.91365
0.070873	0.73393	0.67552
0.013096	0.93618	0.35126
0.13566	0.84605	0.51555
-0.94992	0.18762	0.2499
0.18	-0.55166	0.81442
-0.3295	-0.82125	0.46581
0.87842	0.28421	0.38419
-0.90111	-0.19953	0.38495
-0.11972	0.97399	0.19238
0.091538	-0.98707	0.13155
0.47527	0.31339	0.82213
0.18085	-0.93473	0.30591
0.78041	-0.62305	0.05252
-0.062607	0.24698	0.967
0.26997	0.70166	0.65939
-0.95098	-0.30722	0.035383
0.54821	0.11481	0.82842
0.31481	0.94034	0.12905
0.45328	-0.24662	0.85657
-0.76962	0.37658	0.51563
-0.6259	0.1678	0.76164
0.0088839	-0.79749	0.60327
0.35609	0.16875	0.91909
-0.19162	0.58433	0.78857
-0.019671	-0.94714	0.32021
0.96664	-0.22142	0.12876
-0.99273	0.04128	0.1131
0.67309	-0.61143	0.41606
-0.45857	-0.8363	0.30052
0.65916	0.25154	0.70868
-0.56299	-0.81744	0.12175
0.52909	-0.75193	0.39328
-0.24644	-0.92067	0.3027
-0.69735	0.69443	0.17742
0.80461	-0.54135	0.24402
-0.75029	0.55536	0.35867
0.33551	-0.77039	0.54216
-0.50892	0.51865	0.68702
-0.85662	-0.011374	0.51583
-0.9737	0.22734	0.015123
0.32624	-0.41003	0.85173
0.45916	0.64168	0.61435
-0.34913	0.46317	0.81461
0.28303	0.3736	0.88335
-0.45655	0.8895	0.018614
0.18828	-0.71733	0.67081
0.59554	-0.087118	0.79859
0.74713	-0.13767	0.65027
-0.82532	0.53999	0.16512
0.63408	0.55272	0.54078
-0.91959	0.36309	0.15008
-0.20473	-0.43361	0.87754
0.62955	-0.77651	0.026456
0.7436	0.36732	0.55868
0.36136	-0.85916	0.3623
0.67768	0.63717	0.3671
-0.11883	-0.87497	0.46937
-0.86064	0.3781	0.34108
-0.36156	-0.92283	0.13286
0.67253	-0.70522	0.22444
0.81699	0.17398	0.54978
-0.79016	-0.54921	0.27206
-0.70626	-0.39219	0.58939
0.73551	-0.33432	0.58929
0.71882	0.057985	0.69277
-0.28889	0.79619	0.53163
-0.21162	0.90553	0.36774
-0.56927	-0.015457	0.822
0.07891	0.41122	0.90811
-0.64416	0.5482	0.53342
0.22215	0.012949	0.97493
-0.53449	0.82211	0.19611
0.79281	0.47039	0.38753
0.85591	-0.22858	0.46387
0.9405	-0.12146	0.31735
-0.13322	-0.084172	0.98751
0.62939	-0.5027	0.59259
0.41829	-0.037389	0.90754
-0.39065	-0.3648	0.84517
0.57197	0.44154	0.69129
-0.36094	-0.043581	0.93157
0.33329	0.8055	0.48998
0.92963	0.086136	0.35829
0.22696	0.91505	0.33344
-0.6458	0.36212	0.67217
0.83964	0.54294	0.014753
-0.9028	-0.3611	0.2336
0.89684	-0.43333	0.088877
0.51123	-0.83651	0.19723
-0.94457	-0.0038579	0.32829
0.8975	-0.3398	0.28111
0.51053	0.85606	0.080786
-0.79902	-0.20618	0.56486
-0.13136	-0.98111	0.14202
-0.56156	-0.55836	0.61064
0.42298	0.85863	0.28956
-0.81891	-0.39033	0.42074
-0.73228	-0.014965	0.68084
-0.72756	-0.67845	0.10178
0.95683	0.2177	0.19258
0.51485	0.73649	0.43877
-0.20195	-0.60619	0.76925
-0.24696	0.96876	0.022835
0.38462	0.14258	0.86795
-0.59962	-0.1272	0.73884
0.87573	0.34417	0.1904
-0.69556	0.12376	0.64999
-0.69036	-0.55919	0.36374
0.013711	-0.56581	0.77542
-0.68022	0.65337	0.17891
0.020805	0.90223	0.32734
-0.56092	0.38625	0.6766
-0.090394	-0.74958	0.59293
-0.40166	0.62118	0.61189
0.67305	-0.24815	0.63799
-0.62714	0.57567	0.44374
-0.34508	-0.1287	0.88654
-0.50854	-0.59346	0.55748
-0.93848	-0.066112	0.191
-0.23344	0.90697	0.21095
0.14599	0.5776	0.75277
0.5516	-0.053167	0.7839
0.86173	-0.1775	0.38408
0.53943	0.79334	0.035007
0.073984	0.099162	0.95199
-0.92337	-0.26263	0.0028312
-0.18018	-0.3698	0.8674
-0.51908	-0.76315	0.26411
0.90727	0.079958	0.30343
0.29346	-0.55409	0.72695
0.27356	0.81532	0.42663
0.00036156	-0.95501	0.097744
0.73954	0.60684	0.080195
-0.14859	0.60933	0.7268
0.85283	-0.40162	0.18159
0.039911	0.95738	0.058605
0.13661	-0.3465	0.8848
-0.75747	0.3362	0.48457
-0.66968	-0.68606	0.049492
-0.9345	0.20668	0.07473
0.53137	0.73097	0.32392
-0.47331	0.83286	0.062685
-0.82213	-0.47379	0.1457
-0.80468	-0.089246	0.51588
0.1884	0.33628	0.87922
-0.21412	0.79889	0.48736
-0.83035	0.42015	0.23578
0.047703	0.76229	0.58158
0.53973	-0.51181	0.60691
0.95242	0.1182	0.022962
0.73876	-0.6118	0.039064
-0.21004	0.12369	0.92854
0.76946	0.012839	0.57391
-0.054381	-0.13962	0.94824
0.27271	-0.91934	0.045082
-0.6833	-0.35356	0.57419
0.22699	-0.87682	0.31822
0.42765	-0.31432	0.79995
-0.33288	0.3875	0.81279
0.179	-0.75235	0.56879
-0.04996	-0.88804	0.36123
0.267	-0.10705	0.91589
0.72408	0.53542	0.33262
0.78916	0.2803	0.46932
0.74272	-0.42223	0.43782
-0.47281	0.12904	0.82547
0.65326	-0.63403	0.30473
-0.27631	-0.90164	0.1797
0.38035	0.6503	0.59502
0.48582	-0.80782	0.18165
0.60391	0.49209	0.56102
-0.85003	-0.2879	0.34082
-0.45564	0.77209	0.34332
0.62004	0.22109	0.69876
0.30854	0.89153	0.17771
-0.32428	-0.78302	0.4509
0.41903	0.4185	0.75556
-0.88037	0.13281	0.35904
0.43282	-0.72071	0.46352
-0.074477	0.3762	0.88007
-0.27954	-0.58443	0.70845
-0.45811	-0.36939	0.75848
0.9429	-0.15048	0.099467
0.43023	0.3244	0.88953
-0.60556	-0.083896	0.84135
0.91305	0.48601	0.10832
-0.73928	0.16062	0.71363
-0.67009	-0.61179	0.50822
0.10398	-0.48392	0.91467
-0.79707	0.65546	0.12908
-0.063425	1.0155	0.21548
-0.62168	0.45867	0.69623
0.0051307	-0.71868	0.75172
-0.47787	0.71584	0.5838
0.77495	-0.098493	0.68655
-0.72192	0.61848	0.42181
-0.32585	-0.036894	0.98694
-0.46352	-0.60014	0.71174
-0.99699	-0.13718	0.26228
-0.34204	0.97673	0.10296
0.12192	0.74681	0.71344
0.62828	0.11961	0.8201
0.96141	-0.042683	0.39429
0.10331	0.25919	1.0019
-0.96623	-0.37425	0.089082
-0.1228	-0.28037	0.99394
-0.46709	-0.8273	0.42309
0.9797	0.22448	0.2672
0.40234	-0.45026	0.84675
0.22185	0.96369	0.322
0.10727	-1.0046	0.24692
-0.19981	0.74663	0.69586
0.96878	-0.31387	0.21107
0.21659	-0.22049	0.99301
-0.83494	0.35576	0.50785
-0.64542	-0.79324	0.18923
-1.0264	0.13666	0.096845
0.50503	0.88424	0.21136
-0.82915	-0.56746	0.2685
-0.83862	-0.098462	0.60714
0.19829	0.51287	0.88275
-0.29956	0.90565	0.41433
-0.93151	0.39984	0.23239
-0.010132	0.90774	0.50745
0.65875	-0.39835	0.69926
0.8635	-0.57173	0.095389
-0.20617	0.25278	0.98752
0.84826	0.18017	0.57411
-0.0092701	-0.0094076	1.0399
0.39492	-0.94672	0.17132
-0.67715	-0.35931	0.70283
0.35091	-0.86417	0.46008
0.52358	-0.1694	0.88248
-0.37123	0.50416	0.83043
-0.39818	-0.95418	0.11221
0.29478	-0.69783	0.71256
0.055319	-0.89785	0.52193
0.33226	0.053231	0.98406
0.7341	0.69649	0.23999
0.83676	0.4517	0.42118
0.86163	-0.30788	0.49437
-0.49355	0.21587	0.88961
0.78337	-0.5635	0.3878
-0.19361	-0.96328	0.34089
0.36084	0.8242	0.52162
0.61736	-0.78499	0.29026
0.61757	0.67292	0.49737
-0.8723	-0.34197	0.45139
-0.56204	0.83031	0.27621
0.66925	0.40635	0.68453
0.24232	1.0105	0.042072
-0.24834	-0.80002	0.61636
0.43339	0.60527	0.72624
-0.11413	-1.0333	0.028311
-0.94985	0.10685	0.40983
0.561	-0.65424	0.58211
-0.089206	0.52878	0.89108
-0.21234	-0.54399	0.86057
-0.42619	-0.325	0.89126
1.0357	-0.049129	0.081074
