0.88843	-0.42597	0.17102
0.68387	-0.61219	0.39693
0.60053	0.62432	0.49958
-0.10378	-0.91677	0.38569
0.05472	0.29364	0.95435
-0.17103	0.0072892	0.98524
0.36468	-0.70001	0.614
-0.83285	-0.45947	0.30862
-0.16308	0.9167	0.36477
0.061972	-0.95783	0.28057
0.28394	-0.21811	0.93371
-0.42629	-0.89596	0.12468
-0.71629	-0.69502	0.062275
0.33092	-0.94034	0.079101
-0.35865	-0.59633	0.71817
-0.555	0.78234	0.28271
0.51815	-0.85246	0.069485
-0.21273	-0.72569	0.65431
0.84108	-0.26983	0.46881
-0.22615	0.95688	0.18231
0.77799	-0.59661	0.19694
-0.6406	0.3847	0.66455
-0.78447	0.26546	0.56048
0.85891	0.29178	0.42088
0.2596	-0.92485	0.27796
0.30538	0.71534	0.62852
0.71878	0.61679	0.32083
-0.72527	0.66239	0.18768
0.73672	0.46721	0.48884
-0.30362	0.81105	0.50001
-0.2747	0.54379	0.79299
-0.94874	-0.019267	0.31547
0.21342	0.15954	0.96385
0.84858	0.51644	0.11485
-0.50362	0.29301	0.81271
0.57644	-0.26383	0.77338
0.14961	0.64549	0.74897
-0.14868	0.21738	0.9647
-0.43244	-0.83222	0.347
-0.48486	-0.44022	0.75572
0.54752	0.063133	0.8344
-0.88979	0.12905	0.43774
0.92789	0.31113	0.20547
-0.74655	0.45752	0.48305
-0.11637	0.41106	0.90415
0.97198	-0.21797	0.087966
0.52398	0.84415	0.11339
0.44566	-0.85533	0.2642
-0.92269	-0.35891	0.14081
-0.66998	0.18236	0.71964
-0.66954	0.63231	0.38976
0.81863	-0.44814	0.35919
-0.4319	0.89634	0.10021
0.12875	-0.98739	0.092063
0.30996	0.5355	0.78559
0.59947	0.25369	0.75913
-0.58848	0.5676	0.57578
-0.91748	0.36811	0.15076
0.33599	0.93875	0.076575
-0.46597	0.48093	0.74268
-0.60479	-0.26473	0.7511
0.13084	0.80963	0.57217
-0.2493	-0.96795	0.030404
-0.79776	0.04821	0.60104
0.55023	-0.60672	0.5737
-0.8409	0.53805	0.058167
0.71067	-0.45633	0.53545
-0.40823	-0.27425	0.87071
-0.071728	0.58261	0.80958
-0.8372	-0.53696	0.10378
0.61113	0.44689	0.65331
0.66283	-0.083524	0.74409
-0.95545	0.18079	0.23329
-0.34192	0.15876	0.92622
0.1012	0.48023	0.87129
-0.79936	-0.34319	0.4932
-0.35347	-0.051821	0.93401
-0.57939	-0.70182	0.41444
-0.051695	-0.82094	0.56866
0.44194	0.75631	0.48238
0.058874	0.91449	0.40031
0.5065	-0.74455	0.43486
-0.41183	-0.72733	0.54899
0.20064	0.94872	0.24429
0.85134	0.10623	0.51375
0.68845	0.7097	0.14955
-0.033188	-0.14861	0.98834
-0.60077	0.79437	0.089684
0.398	0.87449	0.27724
0.036337	-0.51455	0.85669
0.13425	0.98993	0.044831
0.094229	-0.30131	0.94886
-0.52225	0.094868	0.8475
0.26927	0.85954	0.43438
0.80612	-0.085113	0.58561
0.45901	0.40133	0.79262
0.9403	0.12669	0.31589
0.5658	0.76078	0.31794
0.31901	-0.82988	0.45774
-0.095969	-0.98267	0.15856
0.15809	-0.068331	0.98506
-0.67527	-0.032955	0.73683
0.22748	-0.43806	0.86969
-0.66125	-0.4133	0.62604
0.93977	0.3418	0.0038939
0.74624	0.28705	0.60061
0.16568	-0.76704	0.61984
-0.092849	0.84053	0.53374
-0.90246	-0.25843	0.34465
0.97802	-0.045628	0.20346
-0.26217	-0.83919	0.47647
-0.097375	-0.37476	0.92199
0.56757	-0.44625	0.6919
-0.1571	-0.57562	0.80248
-0.81594	0.50511	0.28126
0.34768	0.012572	0.93753
-0.58412	-0.78462	0.20779
-0.27179	-0.92682	0.25911
-0.52279	-0.10818	0.84557
0.019664	0.082415	0.9964
0.26481	0.35601	0.89617
0.41533	0.21245	0.88451
-0.018396	0.72902	0.68425
0.72312	-0.27493	0.63365
0.61972	-0.74326	0.252
0.91236	-0.071205	0.40315
-0.72355	-0.63641	0.26733
-0.9697	-0.16558	0.17963
-0.97756	0.21017	0.014259
-0.49184	0.73421	0.46801
-0.071288	0.99734	0.015251
-0.37532	0.87333	0.31054
-0.010822	0.97683	0.21374
-0.8716	0.32585	0.36624
0.40866	-0.35637	0.84024
0.92509	-0.25097	0.28499
-0.40734	0.65256	0.63893
0.4668	0.59299	0.6561
0.72241	0.099635	0.68425
-0.86853	-0.10797	0.48373
-0.70578	-0.53958	0.45905
0.11621	-0.88049	0.45961
0.98463	0.14369	0.099291
0.68498	-0.72592	0.062012
-0.54584	-0.5842	0.60064
-0.28659	-0.43237	0.85494
-0.2242	-0.21823	0.94979
-0.2196	0.70926	0.66987
0.46751	-0.13067	0.87428
-0.75409	-0.19166	0.62819
0.39099	-0.54298	0.74317
0.1995	-0.61881	0.75979
0.83443	0.46053	0.30273
-0.0021693	-0.68838	0.72534
-0.99495	0.02253	0.097859
-0.31694	0.35864	0.87803
0.84111	-0.29925	0.42788
0.13702	-0.95748	0.21107
-0.063913	-0.9878	0.016249
-0.06569	-0.58531	0.79574
-0.95888	0.24484	0.026538
0.36018	0.065071	0.91986
-0.56415	-0.7812	0.22708
0.78714	-0.082756	0.59469
0.44374	-0.73374	0.49479
0.29036	0.94497	0.053185
0.89307	0.4221	0.06605
0.97039	0.15192	0.12395
0.19519	-0.6807	0.69184
-0.25428	0.80574	0.51596
0.40455	-0.87251	0.23486
0.17557	-0.85372	0.46951
-0.65203	-0.17492	0.72413
0.86329	0.333	0.35204
-0.76266	-0.36242	0.51681
0.59865	-0.012131	0.7884
-0.035927	0.4107	0.90007
0.42653	-0.24161	0.86011
-0.32829	-0.63697	0.68308
-0.42926	-0.11257	0.88497
-0.43732	0.62738	0.62868
-0.5738	-0.63064	0.50314
-0.91253	-0.23029	0.30718
-0.47426	0.86487	0.084707
-0.087653	-0.79088	0.589
-0.75886	-0.55852	0.30378
-0.24453	0.92405	0.25774
0.45036	-0.52748	0.70643
0.26724	0.34093	0.8902
0.73852	0.59022	0.29381
0.95518	-0.17959	0.18834
0.91514	0.037011	0.37584
-0.046221	-0.3365	0.92991
-0.11793	-0.92556	0.33096
0.0081407	0.8725	0.46773
0.16321	-0.14539	0.96557
-0.5414	-0.43015	0.70849
-0.46564	0.17174	0.85661
-0.11503	0.67218	0.71767
-0.93042	0.12964	0.31242
0.032852	0.97223	0.1838
-0.84253	-0.05396	0.51704
0.67019	0.47115	0.55585
-0.8612	0.42019	0.24875
0.76072	0.20296	0.60018
0.54193	0.27962	0.77989
0.82732	-0.49384	0.22754
-0.21387	0.18932	0.9479
0.22888	0.75978	0.59198
0.66893	-0.54335	0.48724
0.63893	-0.71587	0.2437
-0.32949	-0.92459	0.1291
0.070975	0.13137	0.97867
0.54289	0.79783	0.22099
-0.35824	-0.81357	0.43573
-0.79908	0.2838	0.51091
-0.68784	0.10263	0.70459
0.14334	0.58912	0.78262
-0.50368	0.77187	0.36143
-0.58448	0.38936	0.69777
0.21471	-0.44037	0.86028
-0.72954	-0.66902	0.016602
-0.98356	-0.04523	0.10326
-0.89021	-0.42053	0.10381
0.64512	-0.31831	0.68015
0.50191	0.70296	0.48377
-0.31133	0.45584	0.82182
0.28551	0.88608	0.33682
0.42545	0.53789	0.71398
-0.70998	0.66486	0.18438
-0.68109	0.55142	0.46059
-0.31369	-0.37734	0.85984
-0.15781	-0.08464	0.97367
0.74352	0.65364	0.0052938
0.89837	-0.15827	0.43358
0.24377	-0.91901	0.34072
0.036388	-0.99691	0.15795
0.020042	-0.48002	0.88841
-0.99686	0.15776	0.038374
0.39003	0.2327	0.90212
-0.48501	-0.8069	0.36575
0.82721	0.078257	0.57419
0.54178	-0.62366	0.58105
0.97322	0.26394	0.057356
0.2909	-0.56582	0.78442
-0.32257	0.86002	0.42002
0.50734	-0.80442	0.34002
0.28108	-0.77371	0.5852
-0.61908	-0.13414	0.78667
0.85386	0.46858	0.26733
-0.71925	-0.36319	0.60899
0.63536	0.15906	0.76884
-0.047733	0.53924	0.85267
0.48657	-0.077854	0.88164
-0.24493	-0.57347	0.79451
-0.39396	-0.026839	0.92961
-0.48626	0.67935	0.56756
-0.50077	-0.61666	0.62375
-0.89188	-0.275	0.38604
0.011689	-0.71862	0.70961
-0.43333	-0.91036	0.059835
-0.70264	-0.5907	0.42127
-0.33351	0.94266	0.14232
0.53466	-0.38513	0.76545
0.26661	0.49683	0.83796
0.69908	0.70679	0.17846
0.99376	-0.061535	0.16955
0.93743	0.17942	0.33036
0.018993	-0.20866	0.98803
-0.014067	-0.89415	0.46947
-0.064779	0.94542	0.34941
0.2132	0.0087626	0.9872
-0.48136	-0.38236	0.80137
-0.46081	0.25141	0.86287
-0.16083	0.76821	0.63567
-0.94654	0.085903	0.34172
-0.059518	1.0071	0.047647
-0.83171	-0.06072	0.5698
0.65078	0.61829	0.46292
-0.90809	0.37549	0.23341
0.77148	0.36375	0.54093
0.3569	-0.94182	0.075538
0.5478	0.4457	0.72206
0.8974	-0.38411	0.25929
-0.20407	0.30645	0.9405
0.17488	0.87124	0.48006
0.75058	-0.41167	0.53596
0.72946	-0.62313	0.31576
-0.23565	-0.94263	0.27571
0.091863	0.28003	0.96605
0.47697	0.88619	0.085217
-0.26573	-0.78956	0.57103
-0.82226	0.28214	0.51418
-0.68436	0.13863	0.72975
0.11196	0.71892	0.70051
-0.57739	0.77969	0.28073
-0.60896	0.43585	0.67772
0.29193	-0.29803	0.91981
-0.67139	-0.74038	0.14548
-0.98973	-0.12517	0.15767
0.62144	-0.79381	0.061535
-0.85676	-0.49344	0.20637
0.71004	-0.15989	0.70027
0.45399	0.82476	0.36573
-0.3344	0.54685	0.78053
0.21079	0.96687	0.20208
0.40106	0.68465	0.6249
-0.78179	0.62673	0.1269
-0.73154	0.5553	0.42022
0.82929	-0.57582	0.028336
-0.25058	-0.28554	0.93583
-0.1184	0.040133	1.0022
