-0.62588	-0.36816	0.68755
-0.73186	-0.65614	0.18403
0.66036	0.62381	0.41807
0.24186	0.75057	0.61493
0.52214	-0.34194	0.78131
0.255	0.20766	0.94438
-0.12523	0.88036	0.45747
0.28208	-0.72785	0.62503
0.52585	-0.23912	0.81627
0.46139	0.58704	0.66521
-0.37096	0.58834	0.7185
-0.46159	-0.44793	0.7657
-0.93194	-0.34425	0.1139
0.25082	0.94755	0.19807
-0.44391	0.79387	0.41558
0.86317	-0.48259	0.14847
0.44962	0.89318	0.0089821
0.12957	-0.65403	0.74529
-0.90614	0.41229	0.094497
-0.8813	0.091537	0.46361
-0.14271	-0.18449	0.97242
0.67821	0.68978	0.25346
0.87019	-0.49054	0.046292
-0.39759	0.85185	0.34099
0.59508	-0.37168	0.71255
-0.35473	0.51017	0.78351
-0.32755	-0.74719	0.5783
0.92908	0.34474	0.13408
0.54723	0.81481	0.19135
-0.71636	-0.19731	0.66925
0.29418	0.29695	0.90845
0.23436	0.37377	0.89743
-0.31367	-0.54269	0.77917
-0.42806	-0.36582	0.8264
0.53461	-0.82563	0.18035
-0.11929	-0.75545	0.64426
-0.29133	0.88699	0.35831
0.98377	-0.12254	0.13111
0.48518	0.034963	0.87371
-0.59575	0.351	0.72241
0.061886	0.01589	0.99796
-0.66868	0.60135	0.43732
0.63477	0.35833	0.6846
-0.1264	0.98635	0.10552
0.18319	0.29443	0.93795
-0.48662	0.72932	0.48093
-0.87453	-0.087859	0.47695
-0.73878	-0.66907	0.080884
-0.2907	-0.69026	0.6626
-0.31295	0.34067	0.88657
-0.67527	-0.42324	0.60405
0.96433	0.2479	0.092767
-0.68667	0.51932	0.50872
0.49822	-0.13879	0.85587
-0.68368	0.087814	0.72448
0.9717	-0.21959	0.087118
-0.93843	0.25261	0.23565
0.28604	-0.95129	0.11506
0.60147	-0.76156	0.24136
0.4818	0.75296	0.44824
-0.89859	0.34614	0.26969
-0.35309	-0.92733	0.12402
0.31867	0.40857	0.85529
-0.34278	0.90062	0.26719
0.57416	0.69305	0.43591
-0.74216	0.52293	0.41921
-0.3629	-0.013174	0.93174
-0.024163	0.95735	0.28791
0.013399	-0.07886	0.9968
0.81004	0.58572	0.02749
0.90334	0.42318	0.069928
0.16332	0.71413	0.6807
-0.67012	-0.57004	0.47539
-0.33676	0.93727	0.090155
-0.43238	0.69692	0.57214
0.26095	-0.4189	0.86973
-0.928	0.083951	0.36299
-0.39217	0.90305	0.17523
-0.63836	-0.6886	0.34399
0.091678	0.98979	0.10913
-0.26114	-0.95065	0.16755
0.90538	0.098973	0.41291
0.75866	-0.65057	0.034568
-0.25444	0.16678	0.9526
0.95861	-0.21071	0.19147
0.29142	-0.1577	0.94351
0.67811	0.17923	0.71278
-0.17687	0.98417	0.011106
-0.55316	-0.42712	0.71525
-0.68431	0.67371	0.27899
-0.64717	-0.0076311	0.76231
-0.82375	0.093512	0.55919
-0.18207	0.9638	0.1948
0.3536	0.93533	0.01095
0.34283	0.71341	0.61116
-0.24257	-0.93055	0.2743
-0.0041498	-0.89849	0.43898
0.20738	-0.69442	0.68903
-0.59167	0.79431	0.13785
-0.069146	0.99748	0.015661
0.096291	-0.72689	0.67997
0.54901	0.22798	0.80412
0.024617	0.526	0.85013
0.19404	0.93821	0.28654
0.44461	0.81565	0.3702
-0.44024	-0.89439	0.079143
0.18778	-0.33907	0.92183
-0.5454	0.58195	0.60322
0.75028	0.19534	0.6316
-0.52256	-0.85192	0.034067
-0.14369	-0.93867	0.31345
0.30045	0.90987	0.28613
-0.59599	0.74393	0.30226
-0.20632	0.3072	0.92901
-0.53623	0.51116	0.6717
-0.19997	-0.096993	0.97499
-0.58079	0.67157	0.46009
0.75767	0.46473	0.45821
0.5217	-0.80417	0.28484
-0.54786	0.17267	0.81856
-0.61152	0.59408	0.5226
-0.74973	0.35426	0.55893
0.89204	-0.28555	0.35031
-0.41451	0.076441	0.90683
-0.46123	0.60352	0.65041
0.14298	0.96945	0.19931
0.70674	-0.028105	0.70692
0.45297	0.86978	0.19569
0.57472	0.050794	0.81677
0.98444	-0.023987	0.17406
-0.60149	0.083123	0.79455
-0.96232	0.23759	0.13225
-0.77152	-0.2765	0.57298
-0.97557	0.21765	0.029781
0.06332	-0.79277	0.60623
0.13631	0.78265	0.60735
0.76587	0.020142	0.64269
0.58524	-0.15514	0.79588
-0.73488	0.26949	0.62236
-0.005728	0.27799	0.96057
0.36503	0.63858	0.67747
0.71636	-0.61094	0.33702
-0.84539	-0.36784	0.38732
-0.19279	0.64497	0.73949
-0.90666	-0.0010067	0.42187
0.13484	0.91839	0.372
0.84645	-0.47013	0.25
0.80811	0.46163	0.36586
-0.29059	0.66043	0.69238
0.49742	-0.53452	0.68328
-0.71923	0.6016	0.34753
-0.084435	-0.68845	0.72035
-0.72457	-0.0024132	0.6892
0.97414	0.16361	0.1558
0.94405	0.32851	0.02926
0.69055	-0.71875	0.080792
-0.57494	0.26397	0.77445
0.92198	-0.29659	0.24896
0.73678	-0.23198	0.6351
-0.14924	-0.0013015	0.9888
-0.79526	-0.003189	0.60626
0.23134	-0.070228	0.97033
0.44693	-0.86644	0.22258
-0.61447	-0.65586	0.43849
0.38531	-0.68181	0.62183
0.68161	-0.70862	0.18238
-0.51076	0.080204	0.85598
-0.85611	0.50163	0.12428
-0.849	0.43546	0.2993
-0.52447	-0.69649	0.48973
0.22104	0.46523	0.85715
-0.89984	-0.30042	0.31628
-0.52408	0.43276	0.73352
-0.62714	0.77791	0.039497
0.62981	0.69515	0.34656
-0.9833	-0.16336	0.080187
-0.64162	0.73803	0.20889
0.79644	0.11088	0.59446
0.41871	-0.77526	0.47292
0.21454	0.11568	0.96984
-0.76962	-0.55121	0.32226
-0.70461	0.70956	0.0067024
-0.83441	-0.48851	0.25518
0.028475	-0.84972	0.52647
0.31946	0.1147	0.94063
0.0084387	-0.98456	0.17483
-0.83283	-0.20907	0.51253
-0.89578	-0.43716	0.080407
0.83053	0.016895	0.55672
0.072555	-0.926	0.37049
0.38444	0.80289	0.4556
0.59263	0.7589	0.26993
-0.18308	0.9108	0.37003
-0.75249	0.4395	0.49051
0.44104	0.66563	0.60201
0.71213	0.62155	0.32642
-0.017701	0.99397	0.10824
-0.046521	-0.80789	0.58749
0.49876	0.86061	0.10295
-0.41248	-0.86271	0.29257
-0.68538	-0.10035	0.72124
-0.035986	-0.17513	0.98389
0.63814	0.74967	0.17541
-0.41345	0.35036	0.84042
0.51636	-0.72384	0.45762
-0.45944	-0.76899	0.44448
-0.51908	0.65666	0.54713
-0.12964	0.94888	0.28779
0.73869	0.54623	0.39492
0.10403	-0.98836	0.11096
-0.17591	0.5655	0.80577
0.56085	0.33608	0.75664
-0.81248	-0.46177	0.35588
0.45857	-0.88063	0.11919
-0.036135	0.76897	0.63827
0.76399	0.28833	0.57722
-0.55185	-0.7337	0.39643
0.68368	0.54576	0.48449
-0.23279	0.96736	0.10008
0.34542	0.86112	0.37303
0.81748	-0.45635	0.35138
-0.54799	-0.56915	0.61301
0.13988	-0.82803	0.54296
-0.72458	0.66459	0.18246
0.45269	-0.70627	0.54429
0.49891	0.81949	0.28202
-0.98598	0.050763	0.15896
-0.13466	0.77749	0.61431
-0.092766	-0.088082	0.99178
-0.075409	0.92208	0.37958
0.084384	0.67038	0.73721
0.28302	-0.93376	0.21905
-0.29154	-0.85191	0.43504
-0.67926	0.72542	0.11127
0.40908	0.38035	0.82945
0.79749	-0.16486	0.58037
0.42382	0.11988	0.89778
0.35447	0.91413	0.19679
-0.78527	-0.42126	0.45375
0.62119	0.53857	0.56927
-0.88913	-0.41842	0.18541
-0.4908	-0.65204	0.57789
-0.49491	0.85442	0.15821
-0.55917	-0.0088724	0.829
0.66665	-0.20941	0.71535
0.77597	-0.4411	0.45089
-0.7137	-0.47529	0.51451
0.10456	-0.97209	0.21003
0.84769	-0.081319	0.52422
0.61983	-0.78423	0.028171
-0.59635	-0.79719	0.094051
-0.81947	0.57095	0.049858
0.87384	0.28577	0.39337
0.18183	0.87188	0.45471
-0.29221	-0.28177	0.9139
0.021193	-0.26007	0.96536
-0.35161	-0.19116	0.91642
-0.63406	0.17678	0.75281
0.73909	-0.63018	0.23795
-0.021521	0.87944	0.47553
-0.42885	-0.88363	0.18784
-0.84787	-0.50796	0.15193
-0.39021	-0.83261	0.39306
0.93454	-0.20059	0.29392
-0.027258	0.36879	0.92911
-0.42842	-0.72718	0.53634
-0.087068	-0.98661	0.13794
0.34605	-0.46409	0.81539
-0.16577	-0.96398	0.208
0.18944	-0.48599	0.85319
0.71811	0.67828	0.15574
-0.33182	-0.37101	0.86732
-0.25952	-0.80863	0.52798
0.6381	-0.67306	0.37393
-0.93855	0.16875	0.30106
-0.66719	-0.73062	0.14506
0.56373	-0.55958	0.60752
0.28407	-0.87644	0.3888
0.16018	-0.57381	0.80317
-0.76221	0.59589	0.2529
0.76646	0.37839	0.519
0.94061	-0.30661	0.14575
0.88392	0.0082387	0.46756
0.14994	0.20699	0.96678
0.14826	0.9888	0.01698
0.44279	-0.055845	0.89488
0.98733	0.15056	0.050193
0.46019	-0.8877	0.014696
-0.23693	0.86339	0.44544
0.82255	0.53127	0.2029
-0.012175	-0.74629	0.66551
-0.10565	0.10263	0.98909
-0.055777	0.46183	0.88521
-0.21561	-0.54386	0.81101
0.35755	0.20387	0.91137
-0.61083	0.43382	0.66233
-0.70764	-0.32355	0.62813
0.91113	-0.40047	0.097314
0.098888	-0.99505	0.0096559
-0.36678	-0.93023	0.012181
-0.45077	-0.60042	0.66053
0.31483	-0.8195	0.47885
0.62378	-0.57939	0.52459
-0.93145	-0.36377	0.0085742
-0.014654	-0.52843	0.84885
0.62619	0.77966	0.0032188
-0.43348	0.43745	0.78787
-0.99126	-0.056366	0.11929
0.05952	0.74806	0.66095
0.58919	0.80197	0.098456
0.21408	-0.85549	0.47149
0.083217	0.31667	0.94488
-0.6359	-0.18589	0.74905
-0.92756	0.33426	0.16705
-0.21858	-0.90027	0.37647
-0.86835	-0.27213	0.41462
0.85083	-0.27357	0.44861
-0.41017	-0.10178	0.90631
0.28644	0.59702	0.74935
-0.67144	-0.73984	0.042598
0.24271	0.89591	0.37208
-0.20296	0.08607	0.9754
-0.79578	0.58593	0.15302
-0.040662	-0.93631	0.34881
-0.36177	-0.79402	0.48852
0.076974	-0.34235	0.93641
-0.80225	0.26953	0.53269
-0.24825	-0.19033	0.94981
-0.92137	-0.0959	0.37668
0.28526	-0.9584	0.0098962
-0.31768	-0.88663	0.33609
0.86683	0.37134	0.33272
-0.27475	0.58102	0.76611
0.37096	-0.91179	0.17615
0.10481	0.58641	0.8032
0.53449	0.60705	0.58806
-0.50441	-0.5169	0.69166
-0.44976	0.52147	0.72511
-0.85438	0.0035285	0.51964
-0.85059	-0.52386	0.045507
0.78553	0.54069	0.30101
-0.85841	0.26811	0.43732
-0.28817	0.25207	0.92381
0.67573	0.73332	0.075086
0.89727	-0.09161	0.43188
0.54043	0.7601	0.36079
-0.71738	-0.63583	0.28476
-0.072948	-0.44955	0.89027
0.053018	0.20081	0.97819
0.63411	0.4517	0.62759
0.054453	-0.59807	0.79959
-0.28072	0.95978	0.0029882
-0.7977	-0.59157	0.11708
-0.8827	0.42618	0.19803
0.88129	0.44064	0.17079
0.42442	-0.50435	0.752
-0.74901	-0.37915	0.54335
0.79856	-0.25894	0.54337
0.59852	-0.2688	0.75467
0.90293	0.35996	0.23482
-0.49864	0.80373	0.32462
-0.23273	-0.37105	0.89898
0.92747	-0.0020311	0.37388
0.26625	0.67777	0.68538
0.86771	0.49706	0.0038269
0.74339	0.667	0.049835
-0.11313	0.71031	0.69474
0.66946	-0.30637	0.67673
0.17279	-0.76496	0.62047
0.70399	0.37205	0.60496
-0.48457	0.26131	0.83481
-0.82774	0.5134	0.22642
-0.18219	-0.97823	0.09935
0.40976	-0.59743	0.68933
-0.66167	-0.273	0.69833
-0.94589	0.31821	0.063482
0.59312	-0.66158	0.45883
-0.15267	-0.6206	0.76912
-0.57295	-0.76314	0.2989
-0.33529	0.42698	0.8398
-0.085167	-0.27114	0.95876
-0.51511	-0.84527	0.14203
0.13502	-0.41898	0.8979
-0.46501	-0.013078	0.88521
-0.50662	0.34943	0.78819
-0.35277	-0.6163	0.70408
0.79162	-0.35133	0.49991
-0.23688	0.77252	0.58915
-0.11495	-0.90369	0.41247
0.12172	-0.072737	0.9899
0.31361	-0.65151	0.69078
-0.97497	-0.033779	0.21975
-0.48921	-0.27459	0.82781
-0.13133	-0.36584	0.92136
0.18016	-0.15943	0.97063
-0.75428	0.65163	0.080241
-0.17383	-0.45742	0.87209
0.81532	0.20159	0.54279
0.60829	0.14587	0.7802
-0.80979	0.35558	0.4667
-0.74577	-0.51626	0.42107
0.84978	0.51683	0.1037
0.48377	0.30676	0.81967
-0.62137	0.51115	0.59383
-0.96294	0.070759	0.26025
-0.58443	-0.61572	0.52851
0.56309	0.43467	0.70284
0.20453	0.55421	0.80685
-0.11576	-0.53896	0.83434
0.28444	0.84259	0.45731
-0.080039	-0.861	0.50226
0.0058965	0.61385	0.7894
-0.51026	-0.10226	0.85392
0.47679	-0.62425	0.61886
-0.96278	-0.26675	0.043483
-0.045276	0.012054	0.9989
0.37488	-0.92463	0.067207
-0.75649	-0.093598	0.64728
0.23692	-0.2422	0.94085
0.57017	-0.74126	0.35416
-0.2368	0.93056	0.27924
0.087033	-0.51219	0.85445
-0.2932	0.80621	0.51386
0.615	-0.77701	0.13432
0.87034	0.19765	0.45104
-0.50268	-0.82855	0.24663
-0.80544	0.43997	0.39711
0.28546	-0.32402	0.90196
-0.049906	-0.61257	0.78884
0.72381	-0.42157	0.54623
0.37644	-0.83666	0.39785
-0.98612	0.13516	0.096424
0.25287	0.9674	0.013984
0.54193	-0.052226	0.8388
0.11131	0.84031	0.53056
-0.45252	-0.18908	0.87148
0.0049495	-0.99745	0.071157
0.04005	0.99904	0.017591
0.81652	-0.56999	0.09167
0.89856	-0.39056	0.20015
-0.71361	0.17941	0.67718
-0.028156	-0.35566	0.93419
0.38359	0.02906	0.92304
0.66263	-0.69392	0.28176
-0.90377	0.26279	0.33784
0.0029715	0.10716	0.99424
0.91521	0.18841	0.35622
0.67719	-0.59318	0.43537
0.43902	-0.21977	0.87118
-0.89799	0.17755	0.40259
-0.25376	-0.62195	0.7408
0.97329	0.07611	0.21658
0.35279	-0.75492	0.55284
0.21623	0.8149	0.53776
0.13711	0.39734	0.90737
0.66044	0.059499	0.74852
0.99151	0.064498	0.11288
0.64742	-0.49273	0.58143
0.34836	-0.24788	0.90399
-0.94361	-0.22321	0.24449
-0.44864	0.85784	0.25066
0.99851	0.054206	0.0058864
-0.59905	-0.47778	0.64255
0.9483	-0.31462	0.041653
0.31713	0.78122	0.5377
0.36038	-0.36771	0.85727
-0.78389	0.18255	0.59346
-0.92118	-0.32339	0.21643
0.69652	0.27811	0.66145
-0.40948	-0.53525	0.7388
0.94992	0.17644	0.25792
0.96549	-0.11293	0.2347
0.23858	-0.61543	0.75121
-0.65918	0.26677	0.70308
-0.21442	0.71564	0.66475
-0.18832	-0.86101	0.47244
0.73479	-0.32878	0.59328
0.17673	-0.90429	0.38861
-0.99793	0.028247	0.057816
0.072363	-0.16723	0.98326
0.65936	-0.11551	0.7429
-0.092738	-0.99516	0.032545
0.51126	0.68328	0.52129
0.025004	0.92647	0.37553
0.38568	0.29682	0.87359
0.80574	-0.55962	0.19392
0.3825	0.55764	0.7367
0.40171	0.87002	0.28581
0.54235	-0.83683	0.074611
-0.060864	0.19255	0.9794
0.30284	0.50796	0.80639
-0.38966	0.26007	0.88348
0.78722	-0.069851	0.61271
-0.32698	0.73217	0.59751
0.94444	0.08795	0.3167
-0.45519	0.16982	0.87405
0.75168	-0.52751	0.39587
-0.10847	0.29062	0.95067
0.43168	-0.84449	0.317
0.45553	0.21515	0.86383
-0.814	-0.31834	0.48587
0.78558	-0.54399	0.29485
0.025291	0.82055	0.57102
-0.075374	0.97732	0.19791
0.87464	-0.37894	0.30233
0.70468	-0.50994	0.49335
0.43919	-0.41102	0.79885
0.40389	0.90885	0.1042
-0.27257	-0.45984	0.84513
-0.073797	0.83267	0.54884
-0.87184	-0.39661	0.2874
-0.99666	-0.079658	0.018035
0.91434	0.27563	0.29668
0.55187	0.52425	0.64854
0.033695	0.97941	0.19904
0.24627	-0.7955	0.55364
0.084322	0.954	0.28771
-0.01442	0.69491	0.71895
0.94472	0.26229	0.19674
-0.78082	-0.18237	0.59755
-0.96787	0.15477	0.19818
-0.17905	0.83068	0.52718
0.8495	0.45355	0.26953
0.73143	-0.13108	0.6692
-0.34605	0.8335	0.43072
-0.84623	0.18168	0.50088
0.13091	-0.25374	0.95837
-0.60084	-0.097737	0.79337
0.44038	-0.31228	0.84175
0.9611	-0.01312	0.27588
0.30394	0.94677	0.10605
-0.15363	-0.8134	0.56105
-0.3793	0.66162	0.64683
-0.35856	0.16694	0.91846
0.021351	-0.67595	0.73664
0.14894	-0.94453	0.29272
0.47651	0.50209	0.7217
-0.75893	0.08941	0.645
0.78771	0.60247	0.12861
-0.27594	-0.95942	0.058058
0.18578	0.63751	0.74771
0.93657	-0.10231	0.33522
-0.31165	0.076695	0.9471
0.24324	-0.92037	0.3062
0.85623	0.10772	0.50524
-0.85926	0.35323	0.37
-0.22413	-0.75625	0.6147
0.51489	-0.44128	0.73495
0.62323	0.25842	0.7381
0.11034	0.10884	0.98792
-0.52188	-0.35653	0.77493
-0.067964	-0.96682	0.24625
-0.7965	-0.60456	0.010275
0.17092	0.019411	0.98509
-0.95293	-0.11797	0.2793
-0.28817	0.93941	0.18566
0.12295	0.49588	0.85964
-0.97346	-0.14057	0.18062
-0.30592	-0.10093	0.94669
-0.53578	0.84192	0.064178
0.54026	0.84146	0.0079001
-0.18966	-0.27891	0.9414
0.60107	0.61905	0.50547
-0.075688	0.55088	0.83115
-0.15649	0.47914	0.86367
-0.55006	-0.19157	0.81285
0.02962	-0.43649	0.89922
0.82109	0.37796	0.42773
-0.63604	0.6765	0.37122
0.75365	-0.64288	0.13681
-0.63739	-0.5263	0.56279
0.3387	-0.56441	0.75281
0.39563	0.47134	0.78824
0.99106	-0.13097	0.025611
-0.25578	0.49595	0.82982
0.10392	-0.88116	0.46125
-0.54823	0.80342	0.23229
0.85394	-0.17845	0.48881
-0.67707	0.35348	0.64546
-0.88296	-0.17582	0.43528
-0.23207	0.40484	0.88445
0.27548	0.025121	0.96098
-0.91856	-0.20022	0.34083
0.72503	0.099108	0.68154
0.82351	0.29095	0.487
0.83885	-0.36631	0.40267
-0.69713	-0.60635	0.38256
-0.95851	-0.24521	0.14533
0.19766	-0.96371	0.17941
-0.38883	0.76761	0.50949
0.26571	-0.52629	0.80773
-0.68927	0.43507	0.57933
-0.39156	-0.67749	0.62264
-0.58354	-0.28216	0.76149
0.33524	-0.059455	0.94026
0.072969	0.8874	0.45519
0.045355	0.43024	0.90157
-0.25602	-0.0088992	0.96663
0.38942	-0.14218	0.91002
-0.65582	-0.71382	0.24569
-0.16445	0.20348	0.96517
0.19947	0.97389	0.10841
0.53816	-0.64568	0.54174
0.66247	-0.40127	0.63255
0.34713	-0.89121	0.29196
-0.82284	-0.098565	0.55965
-0.36867	-0.45669	0.80964
-0.58776	-0.78447	0.19783
0.48815	0.40999	0.77047
0.41607	0.7375	0.53196
-0.13179	0.38685	0.91268
0.69936	0.46159	0.54574
-0.54399	0.74154	0.39267
0.75554	0.61328	0.23033
0.58399	-0.46876	0.66274
0.19614	-0.97823	0.067764
-0.78949	0.52056	0.32516
0.89962	-0.18974	0.3933
-0.39209	-0.27966	0.87639
0.99705	-0.033547	0.069061
-0.43587	0.89633	0.081289
-0.87472	0.48421	0.020029
0.51851	0.13353	0.84458
-0.48414	-0.80296	0.34765
-0.1886	-0.69318	0.69565
0.033042	-0.95893	0.28171
0.48099	-0.78652	0.38734
0.62233	-0.034709	0.78199
-0.78766	-0.57515	0.22088
-0.33785	-0.91211	0.23218
-0.94741	-0.012967	0.31976
-0.093463	0.63399	0.76767
0.0078123	0.95288	0.18124
-0.3441	0.36942	0.82827
0.77691	-0.015652	0.58057
0.23209	0.025851	0.94147
-0.0069012	0.86992	0.42907
0.72742	-0.38427	0.51391
-0.54669	0.79487	0.10107
-0.37926	-0.88713	0.10029
-0.82306	-0.11781	0.49959
0.53196	-0.33963	0.73659
0.26594	-0.7431	0.56389
0.76731	0.59337	0.0063072
-0.68357	0.62103	0.29657
0.14078	0.85839	0.42923
-0.52751	0.20249	0.78843
-0.9587	-0.1235	0.080867
0.95319	-0.025639	0.17794
-0.9251	-0.24476	0.15868
-0.55255	0.58158	0.5453
0.58772	-0.69547	0.33439
-0.61408	-0.074152	0.7472
-0.2599	-0.91439	0.193
0.71346	-0.50079	0.42553
-0.016867	-0.19875	0.94927
-0.28689	0.69733	0.61018
0.21219	0.89122	0.31875
0.69107	0.67312	0.10117
0.25291	-0.82747	0.43845
-0.67207	0.38188	0.586
-0.0056326	-0.90747	0.34259
0.2264	0.61922	0.71148
0.12563	-0.87676	0.3955
0.34257	-0.90598	0.05249
-0.86331	0.39264	0.20354
-0.65576	-0.53416	0.47493
0.43323	0.66544	0.55713
-0.59728	-0.68966	0.32945
-0.77265	0.26422	0.52355
0.18912	-0.35486	0.88273
0.69628	-0.60259	0.30493
0.15049	0.93902	0.19105
0.63709	-0.36876	0.63169
0.15048	-0.71199	0.64135
-0.56421	-0.4299	0.66163
0.53526	-0.46591	0.6613
-0.36309	0.85915	0.26634
-0.79495	-0.53586	0.14768
-0.55223	-0.3104	0.73457
0.056682	-0.4328	0.86624
0.80188	-0.38659	0.38528
0.76097	0.34307	0.49409
0.72602	-0.26079	0.58804
0.59138	0.76698	0.053976
0.080172	0.19197	0.94743
-0.052009	0.17181	0.95325
0.70978	-0.13021	0.64819
0.30364	0.50797	0.76855
-0.89025	0.2691	0.27558
0.42106	0.24121	0.8399
-0.56871	-0.63932	0.45688
0.52616	-0.57922	0.57321
-0.70806	-0.62348	0.22546
-0.43684	0.78432	0.36731
0.87299	0.33946	0.25209
0.66758	0.39525	0.58225
-0.72951	-0.099512	0.63151
0.13764	-0.078264	0.95699
-0.19831	-0.37983	0.87023
0.60498	-0.09987	0.75162
0.37388	-0.87165	0.20333
-0.47641	0.34226	0.77252
-0.83089	0.13532	0.48188
-0.27104	-0.13501	0.92153
-0.84673	-0.47135	0.042117
0.85298	-0.019297	0.46147
0.0046669	-0.84536	0.47565
-0.15274	0.86221	0.41733
-0.60087	-0.75904	0.060907
-0.068236	0.63501	0.73007
0.066951	0.91626	0.31127
-0.69099	0.02579	0.68027
-0.86977	0.0063181	0.42937
-0.35375	-0.7386	0.51984
-0.00030541	0.72725	0.64187
-0.40382	0.23408	0.85031
0.23333	0.41191	0.84663
-0.76217	-0.33869	0.49526
-0.2705	0.26219	0.89386
0.30998	0.83106	0.39261
-0.34633	0.58822	0.68917
0.57807	0.050936	0.77726
-0.13433	0.94446	0.17564
-0.12616	-0.87058	0.40874
0.47457	-0.75996	0.37167
0.50177	0.34108	0.75683
0.0070932	0.31284	0.91814
0.50346	0.55753	0.61367
-0.4705	-0.73129	0.42982
-0.70497	-0.65949	0.09478
0.92428	-0.15002	0.2532
0.11797	-0.92798	0.25657
0.21015	0.16188	0.93302
0.82839	0.45951	0.2086
0.45845	0.74785	0.41405
0.39089	0.84208	0.28107
-0.13583	-0.92331	0.26447
-0.72607	0.51114	0.39046
0.47868	0.84364	0.0056026
0.35084	0.75654	0.49544
0.36399	-0.83316	0.33802
-0.068129	-0.3431	0.90473
0.24792	-0.92381	0.1613
0.13677	-0.80394	0.52523
-0.32593	0.91325	0.025437
-0.45103	-0.54228	0.66589
0.72033	0.46782	0.45074
-0.95799	0.0047897	0.15208
0.7999	-0.14588	0.52893
0.53993	0.20298	0.77985
-0.49786	-0.81638	0.16298
0.74101	-0.60909	0.14428
0.29211	0.90094	0.20946
-0.68997	0.25432	0.63258
-0.20759	0.40005	0.85893
0.2751	-0.11722	0.92276
-0.36397	0.75355	0.49049
-0.66475	-0.31528	0.63215
0.62168	0.29907	0.68189
-0.36559	-0.81171	0.38519
-0.78586	-0.49523	0.27941
0.49828	0.81776	0.15454
0.3406	0.13009	0.89887
0.28739	-0.6432	0.66678
0.87367	-0.26738	0.32573
0.045135	-0.55406	0.79491
0.24843	0.93453	0.076424
-0.83035	-0.36218	0.34676
0.73798	0.11618	0.61869
0.93947	0.23875	0.035947
-0.6463	-0.19736	0.69588
0.016622	-0.7636	0.59794
-0.45978	-0.64785	0.55659
-0.81824	0.39663	0.33773
-0.57119	0.055739	0.78201
-0.58809	0.31279	0.70513
-0.52737	-0.18482	0.79286
-0.63866	0.15643	0.71312
0.4388	0.47372	0.72384
0.078425	0.057413	0.96512
-0.9382	-0.24626	0.005287
-0.32622	-0.40691	0.81787
-0.37982	-0.85788	0.24632
-0.10315	-0.7043	0.65895
-0.18224	0.95168	0.044722
0.30912	-0.40153	0.82712
0.76035	0.51253	0.31635
0.42529	-0.4383	0.7536
0.8826	-0.38967	0.10038
-0.039904	0.96801	0.04765
-0.92352	0.26158	0.13993
-0.9354	0.13644	0.2175
-0.49775	0.79827	0.23646
0.079955	0.63604	0.72798
0.85669	-0.38249	0.24636
-0.24245	-0.81269	0.47081
-0.29963	-0.27374	0.88102
0.93065	-0.27216	0.026927
-0.74966	0.13027	0.60162
-0.75134	-0.45305	0.41369
-0.449	-0.42378	0.74814
0.64592	0.16181	0.70534
-0.8923	0.13919	0.35401
0.46449	0.092705	0.84649
-0.012497	-0.96757	0.06747
-0.8396	0.26946	0.40418
-0.79393	0.0061104	0.55726
0.41825	-0.55941	0.67307
0.49352	-0.05573	0.83321
-0.42973	-0.29751	0.81714
0.82738	0.24089	0.44533
0.62807	-0.23838	0.69972
0.06714	0.80264	0.54052
-0.81837	0.50604	0.1229
-0.25945	-0.93334	0.049577
-0.22358	0.78846	0.51889
0.88334	0.10025	0.38802
-0.2832	0.49874	0.78228
0.29339	-0.25857	0.88767
0.77713	-0.49857	0.29732
-0.78128	0.51327	0.25893
0.88631	0.22565	0.32317
0.37187	0.59267	0.67183
-0.56325	0.44252	0.65408
0.87208	-0.1469	0.39849
0.16862	-0.60605	0.73836
-0.07828	-0.47504	0.84209
0.6916	0.62765	0.262
0.37462	-0.75898	0.47382
-0.23137	-0.72845	0.59727
-0.2088	-0.50824	0.79937
-0.65294	0.49599	0.51824
-0.33357	-0.53089	0.74012
-0.422	0.65637	0.57619
-0.92389	0.0091831	0.29536
0.21653	0.79008	0.51941
-0.13311	0.28984	0.91607
-0.48333	-0.84065	0.024404
-0.72955	0.61815	0.16292
-0.95866	0.12767	0.074652
-0.27837	0.91552	0.15882
-0.14035	-0.95358	0.10904
-0.079392	0.80435	0.5363
-0.21113	0.61937	0.71603
-0.86014	-0.39613	0.21009
0.80914	-0.26919	0.46231
-0.25228	-0.87511	0.33383
-0.49013	-0.052233	0.83543
0.93179	0.099549	0.25051
-0.83618	-0.24035	0.42888
0.51797	-0.20378	0.79441
0.8133	0.38168	0.36575
-0.32407	0.12029	0.90631
0.63274	-0.49106	0.54717
0.82259	-0.51298	0.033217
0.29097	0.69531	0.61056
0.18233	-0.48709	0.81878
0.54593	0.64137	0.48115
0.92662	0.2251	0.17779
-0.29652	0.83493	0.39479
0.40026	-0.66631	0.58028
-0.21996	-0.62575	0.70778
0.81383	-0.50013	0.1687
-0.62151	0.71687	0.20181
0.15613	0.3074	0.90666
0.50475	0.77684	0.28748
-0.42098	0.46156	0.74205
0.11939	-0.95567	0.11549
-0.49205	-0.78082	0.29852
0.030241	-0.66494	0.70558
0.21532	-0.94577	0.0079146
-0.55921	-0.5431	0.57725
-0.1419	0.52627	0.80238
-0.08321	0.039369	0.96562
-0.40116	-0.16455	0.86769
-0.013637	-0.94813	0.20438
-0.090414	-0.59589	0.76003
0.38681	0.88235	0.11288
0.61553	0.52374	0.53639
-0.66158	0.70648	0.064013
-0.89059	-0.25315	0.28924
-0.75337	-0.2214	0.56949
0.50599	-0.67622	0.47707
0.60941	0.72751	0.20061
0.15775	-0.20847	0.93411
0.81567	0.12191	0.51061
-0.75787	0.60501	0.022421
-0.88983	0.38072	0.064392
-0.36337	-0.022256	0.89909
-0.5006	0.69189	0.45999
-0.3434	-0.64344	0.6395
0.37168	0.37913	0.8118
0.96935	-0.021188	0.028521
0.083424	0.42774	0.86659
-0.14591	0.72073	0.63258
0.8398	0.48152	0.061517
-0.6088	-0.72884	0.19763
-0.18966	0.14821	0.93966
0.89481	0.35744	0.11157
0.15656	0.52937	0.79759
-0.066383	0.4244	0.8697
0.063524	-0.30239	0.91947
0.36994	-0.012929	0.89659
0.0067741	0.53728	0.80758
-0.89754	-0.35714	0.088131
0.66099	0.58362	0.40421
0.0053415	-0.067799	0.96761
0.14835	0.72094	0.63177
-0.22047	0.89904	0.28985
-0.66919	-0.42714	0.55735
0.7288	0.2493	0.58958
-0.13481	-0.10256	0.9551
0.30287	-0.52948	0.7542
-0.75509	0.39258	0.46543
-0.16346	-0.23998	0.92552
0.57204	-0.77197	0.13316
0.56113	0.43535	0.66068
0.95871	0.10281	0.10584
0.24405	-0.88929	0.30082
0.64675	-0.69176	0.20998
0.95298	-0.14833	0.10359
0.58783	0.68757	0.35014
-0.62269	0.6112	0.42378
-0.93517	-0.11914	0.2284
-0.96999	-0.0025282	0.0029763
0.76756	0.57165	0.15802
0.66905	-0.70004	0.056669
-0.47526	0.54305	0.64817
-0.56672	0.71306	0.33357
0.61958	-0.60133	0.44207
0.49673	-0.79707	0.24255
-0.1154	-0.79684	0.54096
-0.89048	-0.12239	0.36465
0.29223	0.27574	0.88288
0.10406	0.96265	0.058156
0.91406	-0.027269	0.32349
-0.41755	0.86544	0.1325
0.46219	-0.8476	0.094077
-0.076146	0.91756	0.30526
0.68008	0.0062733	0.69163
0.91517	-0.26909	0.17593
0.41619	-0.30377	0.82183
0.40148	-0.16097	0.86822
-0.22804	0.0081226	0.94278
-0.69081	-0.58285	0.35208
-0.45186	0.091149	0.85347
-0.086427	1.0251	0.05098
-0.37326	0.47643	0.83342
0.84257	0.14853	0.57352
0.27562	0.19159	0.97377
-0.0844	0.974	0.32418
0.82705	-0.25216	0.55973
-0.65802	0.79221	0.017438
-0.30283	-0.95122	0.25372
-0.83895	-0.13069	0.58308
0.6238	-0.1916	0.79691
0.37959	-0.66634	0.68761
-0.77721	0.62595	0.25502
0.072778	0.97675	0.31868
-0.55063	0.27742	0.82507
-0.99638	-0.21306	0.15076
1.0155	0.095291	0.14318
-0.94529	-0.32491	0.24853
-0.62588	0.63511	0.51557
0.7062	-0.61873	0.4235
-0.61415	-0.026916	0.82644
-0.17062	-0.95388	0.34914
0.82155	-0.38876	0.48458
0.036836	-0.067194	1.0271
-0.35534	0.79256	0.5536
0.14079	1.0017	0.19425
0.37035	-0.77475	0.56877
-0.72946	0.42028	0.59342
0.10243	-0.89874	0.49262
0.19853	0.77741	0.64584
0.23965	-0.84552	0.53718
0.4597	-0.90586	0.17027
-0.94607	0.35499	0.19957
-0.61899	-0.55331	0.60958
0.40658	0.82331	0.46663
-0.54589	-0.73201	0.47652
-0.82539	0.27772	0.54999
0.26855	-0.21992	0.96975
0.80994	-0.5151	0.37359
0.066057	1.0263	0.056193
0.73419	-0.22729	0.68571
0.2571	-0.63372	0.7702
-0.52678	-0.40703	0.78596
0.63802	-0.3347	0.73608
-0.46513	0.90265	0.17254
-0.77736	-0.61815	0.27297
-0.52423	-0.26983	0.84455
0.13639	-0.31721	0.9704
0.90138	-0.26644	0.42123
0.78462	0.50933	0.43111
0.8151	-0.11197	0.61966
0.097792	0.3511	0.96336
-0.039441	0.31765	0.979
0.78623	0.032085	0.66462
0.29392	0.67729	0.71818
-0.95886	0.23383	0.29462
0.44872	0.42062	0.82621
-0.51656	-0.65735	0.60163
0.63731	-0.4674	0.66051
-0.67356	-0.68946	0.36313
-0.5315	0.83212	0.29322
0.89474	0.48043	0.17181
0.68359	0.56781	0.52076
-0.73745	-0.082372	0.71435
0.18748	0.075513	1.01
-0.13834	-0.2867	0.97957
0.676	0.068861	0.77407
0.49445	-0.84417	0.32218
-0.51206	0.4264	0.78542
-0.8747	0.13076	0.52793
-0.2393	-0.030092	1.0014
-0.84262	-0.57166	0.15523
0.91907	0.13445	0.44513
0.85503	-0.57335	0.033099
-0.40025	-0.94849	0.032611
0.11142	-0.81275	0.62284
-0.238	0.94958	0.32025
-0.55181	-0.84528	0.20469
-0.1136	0.76723	0.67775
-0.015497	1.0122	0.18998
-0.70833	0.059921	0.74537
0.18613	-1.0083	0.097512
-0.90392	-0.016008	0.49352
-0.27681	-0.73027	0.67155
-0.054777	0.85732	0.56825
-0.42118	0.33215	0.87931
-0.8266	-0.61452	0.00089684
0.23263	0.58146	0.81774
-0.75138	-0.35638	0.60772
-0.28185	0.38144	0.91431
0.25305	0.9596	0.27576
-0.40374	0.68429	0.65547
0.63249	0.22782	0.78035
-0.23582	1.0012	0.053404
-0.026418	-0.86228	0.56274
0.59488	-0.69195	0.47772
0.52043	0.52073	0.72035
0.006766	0.46587	0.9186
0.49419	0.72591	0.53827
-0.40405	-0.74782	0.58173
-0.6711	-0.74645	0.23094
1.0009	-0.026458	0.24184
-0.2734	-0.98936	0.085597
0.23208	-0.92074	0.39909
0.23773	0.33047	0.94614
0.83337	0.59507	0.11081
0.4194	0.8906	0.30303
0.33337	0.96248	0.15294
-0.036129	-0.94008	0.41935
-0.80711	0.52079	0.37182
0.30774	0.90113	0.39263
0.48469	-0.78466	0.45856
-0.0035556	-0.23006	1.004
0.3655	-0.91766	0.29191
0.24828	-0.74874	0.66231
-0.39519	-0.51266	0.80119
0.72695	0.62929	0.36938
-1.0067	-0.068057	0.20682
0.87884	0.0068004	0.53712
0.57618	0.3835	0.76279
-0.43335	-0.87965	0.31516
0.85218	-0.54153	0.20353
0.22028	1.0034	0.074035
-0.73319	0.29201	0.66186
-0.23127	0.52676	0.85436
0.33555	0.043375	0.97284
-0.44693	0.82571	0.42349
-0.64614	-0.30158	0.74327
0.64885	0.47752	0.64177
-0.28632	-0.82817	0.54134
-0.76742	-0.55495	0.40497
0.44488	0.92879	0.018202
0.37764	0.30514	0.90839
0.39528	-0.54421	0.78006
-0.11965	-1.0205	0.072303
0.96244	-0.14345	0.33769
0.13454	-0.45595	0.91373
-0.82613	-0.41007	0.45854
0.78883	0.2883	0.59627
-0.63692	-0.16678	0.7921
0.1197	-0.70764	0.7388
-0.3971	-0.6404	0.70221
-0.89416	0.38382	0.33772
-0.58141	0.11852	0.84191
-0.62924	0.37427	0.72448
-0.50924	-0.12719	0.88623
-0.66578	0.20679	0.7582
0.43869	0.64827	0.66948
-0.53263	-0.87971	0.057666
0.11085	0.21278	1.0017
-0.96439	-0.35081	0.088246
-0.27239	-0.3357	0.93488
-0.30136	-0.89875	0.4029
-0.010908	-0.64842	0.80021
0.39825	-0.26509	0.91215
0.75971	0.65991	0.21967
0.52223	-0.30296	0.8345
0.97687	-0.30434	0.11834
-0.75678	-0.68798	0.12194
-0.998	0.20228	0.15487
-0.99452	0.08179	0.25522
-0.60192	0.82099	0.15675
0.042695	0.78283	0.66802
0.9539	-0.27751	0.27195
-0.15316	-0.80402	0.6253
-0.25621	-0.18421	0.98047
1.0125	-0.18759	0.021622
-0.78415	0.15157	0.65041
-0.73069	-0.4872	0.53818
-0.40272	-0.3761	0.87021
0.68983	0.33984	0.68523
-0.94448	0.10947	0.39608
0.51058	0.27055	0.85265
0.091831	-1.0036	0.21269
-0.90087	0.25859	0.42716
-0.81929	0.010561	0.62414
0.52479	-0.44249	0.76791
0.5565	0.11614	0.85891
-0.39332	-0.2317	0.92332
0.86386	0.40173	0.39148
0.71324	-0.081556	0.73861
0.0048611	0.92774	0.4474
-0.91349	0.46605	0.096061
-0.1732	-0.9952	0.20121
-0.30138	0.88056	0.44124
0.93585	0.25156	0.349
-0.32429	0.61095	0.7632
0.36862	-0.10798	0.9557
0.88401	-0.39929	0.34639
-0.87029	0.49775	0.23607
0.92339	0.37335	0.26243
0.35356	0.75824	0.60081
-0.61858	0.50485	0.65067
0.95055	-0.0066188	0.39663
0.26845	-0.50649	0.85575
-0.0024936	-0.37854	0.95792
0.67298	0.76534	0.14921
0.49285	-0.6856	0.58988
-0.14593	-0.69578	0.74532
-0.1383	-0.43275	0.92439
-0.72376	0.53144	0.50462
-0.26975	-0.47784	0.87167
-0.49487	0.73108	0.5306
-0.96612	-0.038541	0.35501
0.1632	0.92639	0.41961
-0.13892	0.42745	0.92676
-0.42034	-0.92439	0.1724
-0.83019	0.59827	0.11732
-1.0232	0.048839	0.10758
-0.38545	0.95399	0.047133
-0.65162	-0.7931	0.085378
0.55646	-0.86536	0.049046
-0.043191	-0.99552	0.2607
-0.1502	0.91423	0.45003
-0.26333	0.73445	0.67241
-0.85881	-0.46909	0.32139
0.89932	-0.1313	0.48465
-0.16176	-0.89088	0.49099
-0.48247	0.02167	0.90975
0.98222	0.23504	0.20222
-0.84231	-0.27083	0.52732
0.59665	-0.042156	0.83853
0.83124	0.5357	0.28803
-0.32292	0.22947	0.95077
0.73958	-0.3684	0.61498
0.92421	-0.44946	0.068756
0.25508	0.84835	0.52549
0.27315	-0.36856	0.9222
0.52545	0.798	0.3847
0.96087	0.35499	0.10776
-0.38773	0.90326	0.30772
0.51386	-0.57008	0.68692
0.42518	-0.93799	0.017012
-0.14086	-0.57058	0.84587
0.91838	-0.41656	0.20966
-0.72519	0.71822	0.13839
0.16432	0.47337	0.8999
0.67684	-0.77241	0.078563
0.46074	0.90658	0.16352
-0.46726	0.55221	0.73323
0.23154	-0.97075	0.25484
-0.42619	-0.82151	0.45208
0.12742	-0.58688	0.8368
0.32798	-0.96692	0.13559
-0.51248	-0.53765	0.71358
-0.17729	0.65692	0.77325
-0.057901	0.1778	1.0129
-0.37547	-0.082118	0.9556
0.093405	-0.96283	0.35375
-0.0053869	-0.51853	0.88994
0.61338	0.69017	0.45644
-0.90334	-0.31064	0.3852
-0.7519	-0.22161	0.66816
0.62291	-0.58536	0.57467
0.57342	0.85239	0.074236
0.22172	-0.062163	1.0039
0.86643	0.28586	0.47801
-0.97773	0.31899	0.056442
-0.34955	0.07528	0.96594
-0.58574	0.74293	0.40726
-0.27174	-0.6117	0.78287
0.38096	0.55577	0.77903
0.073355	0.58602	0.84386
-0.20817	0.83452	0.56669
-0.55856	-0.79395	0.34432
-0.18277	0.27713	0.97503
0.9109	0.48035	0.020458
0.13736	0.68932	0.7529
-0.084369	0.56799	0.85509
0.13167	-0.17207	1.007
0.42371	0.15807	0.92541
-0.021289	0.68411	0.76971
-0.90625	-0.4882	0.035766
-0.90676	-0.45033	0.18944
0.65035	0.73754	0.30656
0.047044	0.074816	1.0262
-1.0164	0.16682	0.0091681
0.10251	0.86408	0.55114
-0.31793	0.96221	0.18432
-0.64161	-0.4303	0.68123
0.76397	0.42231	0.54671
-0.097705	0.022532	1.0251
0.40265	-0.41055	0.85453
-0.82253	0.40507	0.46932
-0.11442	-0.12857	1.0155
0.69065	-0.73056	0.22403
0.56971	0.61089	0.60262
1.0052	0.21944	0.048413
0.36268	-0.86099	0.43365
0.76374	-0.62761	0.28932
1.0257	-0.044274	0.082985
0.56016	0.83088	0.23823
-0.70739	0.64084	0.38707
-0.96678	-0.184	0.30395
0.021066	-1.0258	0.090343
-1.0239	-0.099294	0.051837
0.75545	0.69873	0.044347
0.78275	-0.65706	0.12834
-0.53654	0.61797	0.62541
-0.66228	0.7395	0.27464
0.73367	-0.50087	0.5213
0.61766	-0.74795	0.34637
-0.018196	-0.76419	0.69035
-0.91442	-0.16248	0.44534
0.31054	0.4503	0.87275
0.97953	0.11151	0.29829
-0.52804	0.88371	0.033732
0.58129	-0.82656	0.19949
-0.16695	0.99835	0.19061
0.74192	0.17845	0.69181
1.0011	-0.16357	0.17848
0.50076	-0.15286	0.887
0.47171	0.0020502	0.91563
-0.20833	0.12717	1.0007
-0.65519	-0.62622	0.48937
-0.45664	0.17825	0.90588
