-0.47911	-0.15959	0.86313
-0.95529	0.20218	0.21573
0.02948	-0.19233	0.98089
-0.43566	-0.75729	0.48653
-0.1693	-0.92966	0.32722
0.12886	0.30953	0.94212
-0.18881	-0.74978	0.63418
-0.86257	-0.49362	0.11096
0.20182	0.59006	0.78172
0.81892	0.24824	0.51744
-0.74011	0.62007	0.26028
0.46969	-0.72406	0.50511
0.75595	-0.47927	0.44592
-0.78345	0.36896	0.50007
-0.13247	0.51501	0.84688
-0.63169	0.13025	0.7642
0.12696	0.72379	0.67824
0.74986	0.034716	0.66069
-0.92926	0.36877	0.02195
0.6972	0.3835	0.60567
-0.012706	0.92383	0.38259
-0.16896	0.044804	0.9846
0.16179	0.89356	0.41879
0.071897	0.4867	0.8706
0.42664	0.75585	0.49666
-0.45887	0.73876	0.49364
-0.97296	-0.15596	0.17039
-0.27875	0.76031	0.58671
0.34129	0.047428	0.93876
0.85395	0.028027	0.5196
0.86941	-0.33036	0.36742
-0.25266	0.37005	0.89399
0.94018	-0.0241	0.33984
0.78051	-0.14066	0.60911
-0.33167	0.8454	0.41868
-0.93071	-0.097985	0.3524
-0.087417	-0.87169	0.4822
0.51427	-0.56437	0.64576
0.78501	0.4326	0.44341
-0.33667	0.15304	0.9291
-0.31324	-0.23527	0.92007
0.38161	-0.32816	0.86411
-0.90814	0.36911	0.19759
0.84327	0.4748	0.25191
0.5002	-0.025912	0.86552
-0.0535	0.36425	0.92976
-0.42407	-0.51056	0.748
-0.8435	-0.2096	0.49455
-0.51853	-0.59619	0.61293
0.062818	-0.52839	0.84668
-0.93445	-0.32744	0.13998
0.10988	-0.86478	0.48999
-0.48873	0.022499	0.87214
-0.63218	0.75167	0.18801
0.88613	0.317	0.33806
-0.39796	0.64166	0.65566
-0.48586	0.20318	0.85009
0.079874	-0.67221	0.73604
-0.0068152	-0.78475	0.61978
-0.84172	0.52413	0.1296
0.24876	0.79775	0.54929
-0.32924	-0.046169	0.94312
-0.84551	-0.45432	0.28056
0.36195	0.91176	0.19415
-0.65616	0.44359	0.61048
0.56536	-0.82431	0.029769
0.77306	0.61625	0.15036
-0.17888	0.97135	0.1565
0.53761	-0.39007	0.74754
-0.583	-0.42372	0.69323
0.21011	-0.25997	0.94248
-0.85626	-0.024438	0.51597
0.21442	-0.9767	0.0093324
0.36312	-0.14572	0.92028
0.76552	-0.62179	0.16539
-0.98628	0.15807	0.047518
0.87822	-0.15925	0.45097
-0.41652	0.36302	0.8335
0.6716	0.73964	0.043456
0.61654	-0.60914	0.49883
0.20711	0.97508	0.079591
0.64669	0.72499	0.237
-0.70709	0.54543	0.45002
0.21363	-0.9148	0.34278
-0.26811	-0.82988	0.48929
-0.071993	-0.98322	0.16761
-0.73991	-0.55913	0.37405
-0.49936	0.4941	0.71169
0.43089	0.3616	0.82679
0.027257	0.99887	0.03899
-0.72336	-0.32081	0.61142
-0.0014227	0.97746	0.21112
0.045128	0.83346	0.55074
-0.90431	-0.27871	0.32332
-0.18843	0.92499	0.32999
-0.75497	0.05245	0.65366
0.30508	-0.93467	0.18255
0.65833	-0.44616	0.60624
0.1716	0.11552	0.97837
0.55186	0.46551	0.69191
0.38862	0.92133	0.011376
-0.17745	0.22474	0.95812
0.49749	0.81021	0.30993
0.30232	-0.81387	0.49621
-0.97988	0.021406	0.19841
-0.11709	-0.48626	0.86593
0.25815	0.42829	0.86598
0.38701	0.52982	0.75466
-0.095015	-0.64491	0.75833
0.33474	0.86572	0.37212
-0.26226	-0.58632	0.76645
-0.15363	-0.13671	0.97863
0.012322	-0.010255	0.99987
-0.83614	0.17043	0.52136
-0.080873	0.75181	0.6544
0.9871	-0.028693	0.1575
0.70037	-0.62895	0.33751
0.85947	-0.50703	0.065059
0.58641	0.68896	0.42598
0.046019	-0.36684	0.92914
-0.49927	0.85892	0.11397
0.46752	0.17395	0.8667
-0.61217	0.69177	0.38302
-0.63131	-0.058765	0.7733
0.87648	0.47742	0.062095
-0.51082	-0.79825	0.31914
0.47963	-0.85657	0.19039
0.19627	-0.75458	0.62616
-0.59219	-0.66152	0.46011
-0.35777	-0.68337	0.6364
-0.0033473	0.63044	0.77623
-0.49364	0.81273	0.3095
0.96323	0.14845	0.22393
-0.34748	-0.87835	0.32827
-0.88365	0.28187	0.37377
-0.20759	0.65009	0.73095
0.83104	-0.48517	0.27201
0.64097	-0.74777	0.17319
0.61474	0.099224	0.78246
-0.6147	-0.24362	0.7502
0.025608	-0.99967	0.0024711
-0.67291	-0.50083	0.54439
0.91923	-0.35573	0.16874
0.5606	-0.75207	0.34658
-0.58641	0.32564	0.74168
-0.75883	-0.63203	0.15721
0.39595	-0.84929	0.34918
0.39205	-0.49819	0.77337
-0.32249	0.52155	0.78993
0.52843	0.83975	0.1248
0.72872	0.59025	0.34723
-0.99935	-0.033156	0.013865
0.30373	0.24421	0.92093
-0.9235	0.089466	0.37303
-0.3382	0.93997	0.045499
0.66935	-0.27128	0.69165
-0.45894	-0.3385	0.82146
0.22672	-0.43452	0.87166
0.32621	0.67661	0.66013
0.39545	-0.91831	0.017923
0.97686	-0.20217	0.069788
0.65193	0.546	0.52618
0.36374	-0.67108	0.64602
0.52409	-0.21465	0.82417
-0.80163	-0.38866	0.45424
0.94566	-0.19356	0.26128
0.58634	0.29152	0.75579
-0.82133	0.4653	0.33
-0.0025692	0.176	0.98439
-0.75046	-0.13719	0.64652
0.78306	-0.31453	0.53655
0.93413	0.32038	0.15738
0.19195	-0.074838	0.97855
-0.29067	-0.41513	0.86208
-0.26269	-0.95104	0.16281
-0.44236	-0.88289	0.15757
-0.35285	0.90666	0.23123
-0.14569	0.85226	0.50241
-0.56524	0.60424	0.56161
0.022294	-0.94196	0.33498
0.90591	0.14667	0.39727
-0.60672	-0.78258	0.13948
0.24145	-0.5956	0.76613
0.1785	0.95133	0.25121
0.4988	0.62133	0.60427
0.64816	-0.093298	0.75577
-0.13591	-0.31501	0.93931
-0.65896	-0.69413	0.28976
0.9886	0.14422	0.043244
-0.74744	0.66173	0.058772
0.11937	-0.9772	0.17556
0.72292	0.20775	0.65896
-0.72404	0.25227	0.64197
0.087063	-0.88732	0.38207
-0.15489	0.76173	0.58024
0.097187	0.75808	0.5973
-0.61319	-0.61315	0.43467
0.71468	0.1646	0.63486
-0.080385	-0.034663	0.96604
0.18927	0.86779	0.3899
-0.36486	-0.89874	0.0064628
0.5755	-0.68033	0.38321
-0.69902	-0.12698	0.66041
-0.06354	0.60417	0.7562
-0.93746	0.17131	0.1809
-0.91522	-0.25275	0.19846
0.5191	0.2612	0.77666
0.66902	0.39987	0.57742
0.20367	0.57045	0.75763
0.45283	0.4968	0.69931
-0.7393	0.62091	0.09378
0.30797	0.90834	0.1448
0.3945	-0.44581	0.76585
0.95636	-0.14171	0.07873
0.78404	0.45604	0.34381
0.54016	0.0036771	0.80568
-0.072461	-0.28914	0.92306
-0.82786	-0.2113	0.45923
-0.024971	-0.73083	0.63731
0.37724	-0.19246	0.87267
0.84363	0.22902	0.42041
0.85572	-0.43274	0.14622
-0.8519	-0.46023	0.057912
0.57894	0.61086	0.48226
-0.55479	0.60813	0.51312
0.33257	0.087196	0.90702
0.908	0.30009	0.16241
-0.5771	-0.77851	0.042127
0.81679	0.51875	0.068193
0.89147	-0.23449	0.30199
-0.17837	0.93746	0.17394
-0.48231	-0.53883	0.64649
0.76743	-0.2885	0.51838
-0.42632	0.24222	0.83695
-0.29565	-0.43811	0.81336
-0.077228	0.88501	0.38947
0.28925	0.34323	0.8599
-0.25076	-0.65056	0.67438
0.75278	-0.4915	0.36421
0.52942	0.80308	0.12517
-0.6394	0.16623	0.71024
-0.40048	0.85863	0.20801
0.36013	-0.82129	0.36971
-0.3107	0.042718	0.9179
-0.15297	-0.84495	0.45117
0.41884	-0.64475	0.59141
-0.80067	0.074151	0.54252
-0.021467	-0.95364	0.1761
-0.96753	-0.045588	0.052106
-0.71115	-0.63025	0.19482
0.70107	-0.65244	0.15403
0.2045	-0.7648	0.5605
-0.25208	0.44406	0.82472
-0.48973	-0.79196	0.27178
0.60671	-0.48356	0.58221
0.15426	-0.10992	0.95133
0.16931	-0.36389	0.88307
0.67567	0.65124	0.24546
0.24689	-0.92395	0.16203
-0.5072	0.43181	0.70512
-0.38422	-0.74599	0.4866
0.09846	0.16199	0.9513
-0.051254	-0.52317	0.81521
-0.26291	-0.90295	0.23762
-0.86731	0.40963	0.14445
-0.31445	-0.2042	0.89461
-0.79726	-0.43891	0.33562
-0.34231	0.62209	0.66086
-0.74406	0.5147	0.3498
-0.52557	-0.037485	0.81442
0.18532	-0.58908	0.74802
-0.15008	0.23752	0.92842
-0.84625	0.26992	0.38975
0.34388	0.70001	0.57674
-0.5904	0.71477	0.28535
0.035024	0.4073	0.87965
-0.35854	0.78836	0.43685
0.070911	0.95304	0.1661
-0.55607	0.79461	0.01674
-0.69913	0.36771	0.56294
0.57578	-0.27312	0.73129
0.93975	0.056826	0.23356
0.85709	-0.0271	0.45339
0.49807	-0.81801	0.15392
-0.91182	-0.021174	0.3302
0.7147	-0.08097	0.65081
0.43488	0.78884	0.35988
-0.68016	-0.39013	0.57103
-0.52223	-0.3002	0.7603
0.19957	-0.86245	0.52654
-0.22385	0.86867	0.50617
0.043324	0.89264	0.51206
-0.56709	-0.63775	0.5767
0.75965	0.33906	0.60734
-0.047049	0.10067	1.024
0.12158	0.98554	0.27357
-0.2897	-0.97601	0.15612
0.69342	-0.59679	0.47319
-0.70131	-0.10372	0.7472
-0.10445	0.73935	0.70947
-1.0017	0.11258	0.21177
-0.9326	-0.32631	0.29099
0.5479	0.44185	0.75198
0.68445	0.57207	0.51494
0.18133	0.73103	0.70258
0.45019	0.67014	0.63964
-0.84322	0.58981	0.044766
0.23396	1.0031	0.0042375
0.49094	-0.31206	0.84999
1.0277	-0.040736	0.055729
0.79169	0.60729	0.25559
0.59848	0.17884	0.81899
-0.013206	-0.17127	1.0156
-0.70553	-0.74974	0.031933
-0.83553	-0.23506	0.55456
0.073694	-0.6716	0.77745
0.44962	-0.032653	0.92611
0.8814	0.3872	0.36621
0.95468	-0.34522	0.17411
-0.8487	-0.55817	0.17046
0.56358	0.76955	0.38867
-0.6322	0.65783	0.47799
0.374	0.26067	0.92362
0.93272	0.42928	0.081591
-0.52532	-0.86609	0.18662
-0.038898	-1.0243	0.10112
0.9769	-0.11082	0.30706
-0.28165	0.98923	0.054834
-0.42927	-0.51509	0.78186
0.8593	-0.14727	0.54847
-0.44628	0.33641	0.8652
-0.23696	-0.36596	0.93318
-0.16166	0.97682	0.28388
0.29943	0.51718	0.83891
-0.17193	-0.60465	0.81593
0.85992	-0.3843	0.41684
-0.6677	0.21654	0.75379
-0.50662	0.88962	0.1132
0.48048	-0.76788	0.49031
-0.30016	0.15137	0.9736
-0.055947	-0.83177	0.60492
0.53159	-0.54399	0.69454
-0.83416	0.078871	0.59905
0.084722	-0.97362	0.32524
-1.015	-0.13673	0.10961
-0.67719	-0.70145	0.33208
0.23617	-1.0002	0.068438
0.81495	-0.58943	0.22209
0.31689	-0.6957	0.69027
-0.28413	0.56322	0.81422
-0.42351	-0.83695	0.42551
0.71254	-0.35789	0.652
0.20818	0.043199	1.0078
0.24861	-0.2313	0.97242
0.65307	0.78594	0.12918
0.36444	-0.91781	0.29275
-0.55645	0.50691	0.70306
-0.30937	-0.74604	0.63922
0.12042	0.32215	0.97089
0.0302	-0.43023	0.93536
-0.17343	-0.93551	0.39451
-0.95419	0.36351	0.13521
-0.27875	-0.11089	0.98534
-0.78344	-0.48872	0.45638
-0.40409	0.71588	0.62058
-0.82792	0.51661	0.32947
-0.5222	0.030401	0.88729
0.28463	-0.48561	0.8626
-0.15085	0.37287	0.94822
-0.90845	0.25623	0.41226
0.30925	0.85349	0.48664
-0.68917	0.73168	0.22492
0.024877	0.56174	0.86298
-0.44679	0.85463	0.36178
-0.020349	1.0293	0.031904
-0.75735	0.39929	0.57261
0.66282	-0.11841	0.77945
0.99456	0.18859	0.19025
0.49756	-0.9011	0.036778
0.92395	0.12548	0.43757
0.61816	-0.78302	0.25625
-0.94892	-0.063871	0.39544
0.78629	0.08449	0.65994
0.38826	0.923	0.2413
-0.65664	-0.39062	0.69075
-0.49273	-0.2523	0.8686
