0.24261	0.50936	0.82565
-0.83477	0.13636	0.53344
-0.6096	-0.47109	0.63755
-0.91954	0.18322	0.34766
0.38869	-0.42187	0.81911
0.9102	-0.13008	0.3932
-0.71475	-0.62718	0.30947
-0.16264	-0.44059	0.88285
0.91753	-0.21621	0.33375
0.78433	0.60732	0.12648
-0.59712	0.63796	0.48627
-0.68709	0.7215	0.085742
-0.33018	0.20371	0.92167
-0.57529	0.74611	0.33522
-0.98756	0.137	0.077223
-0.59016	0.50963	0.62609
-0.36893	0.45716	0.80925
-0.81154	-0.056865	0.58152
0.45216	0.77015	0.44991
-0.14707	0.28535	0.94707
0.47346	-0.45203	0.75598
-0.16155	-0.13468	0.97763
-0.76678	0.30078	0.56708
-0.88191	0.059548	0.46765
-0.4555	-0.81773	0.35191
-0.33763	-0.11268	0.93451
-0.97289	-0.23116	0.0067605
-0.33728	-0.22136	0.91501
-0.25533	-0.8846	0.39025
0.89149	0.45295	0.0088439
-0.71742	0.49359	0.49162
-0.84522	0.47474	0.24542
-0.37007	0.67483	0.63848
0.88753	0.44696	0.11186
0.51037	-0.85456	0.096162
-0.79658	-0.23159	0.55841
-0.65151	0.1096	0.75068
-0.94282	-0.19301	0.27173
-0.80191	-0.47533	0.36195
0.46889	0.34359	0.81369
-0.035177	0.80211	0.59613
0.67887	0.61878	0.39529
0.76167	-0.48317	0.43175
0.83133	0.12635	0.54122
0.47583	0.80613	0.35176
0.16644	-0.88958	0.42538
0.87447	0.3232	0.36173
0.99227	-0.0951	0.079696
0.67908	-0.72688	0.10244
-0.67196	-0.30733	0.67381
0.043621	0.21382	0.9759
-0.69526	0.36233	0.62075
0.29981	-0.65341	0.69511
0.50374	0.8512	0.14736
0.76478	0.28644	0.57712
0.19802	0.35183	0.91488
-0.63533	0.31776	0.70383
0.28415	-0.79584	0.53469
0.67209	0.062288	0.73785
-0.14972	0.085913	0.98499
0.98462	-0.17361	0.019559
0.4482	0.067142	0.89141
-0.6442	-0.11202	0.75661
0.15816	0.98614	0.050134
-0.06736	-0.29936	0.95176
-0.20233	0.75977	0.61791
-0.86564	0.49862	0.045266
0.31237	0.56445	0.76408
0.33301	0.21553	0.91796
0.49179	0.83368	0.25124
-0.31309	-0.81888	0.48105
0.11247	-0.74049	0.66259
-0.8293	0.03599	0.55765
-0.26958	0.70037	0.66091
0.093176	-0.86269	0.49708
-0.67815	-0.55568	0.48098
-0.98635	-0.14992	0.068092
-0.35196	0.79271	0.49773
0.62598	-0.56512	0.53739
0.91298	0.057141	0.40399
-0.80083	0.56464	0.19962
-0.56831	0.26797	0.77795
0.41438	0.88768	0.20076
0.38789	-0.32152	0.86381
-0.74777	-0.47958	0.45918
0.95299	0.16373	0.25497
0.026324	-0.44984	0.89272
-0.24171	0.1445	0.95953
-0.53043	-0.54375	0.65037
-0.52882	-0.4626	0.71159
-0.042757	0.99131	0.1244
0.58504	0.80594	0.090452
0.3898	-0.51441	0.76383
-0.061823	0.86115	0.50459
0.79455	-0.54646	0.26471
0.64829	0.57811	0.49548
0.61227	-0.64067	0.46332
0.72319	-0.13415	0.6775
0.33194	0.9311	0.15124
0.82401	-0.39767	0.40357
0.7463	-0.55898	0.36136
-0.75372	0.52382	0.39689
-0.96996	-0.17251	0.1715
0.084024	-0.96561	0.24605
-0.20756	0.89902	0.3856
-0.31362	0.75016	0.58216
-0.53232	0.82889	0.172
-0.96394	0.21992	0.14984
0.5455	-0.18025	0.8185
-0.77857	0.091784	0.62081
0.96801	-0.020066	0.25011
0.42608	0.72426	0.54214
0.5771	0.79264	0.19665
0.54544	-0.63451	0.54763
-0.8586	-0.38857	0.33439
0.34042	0.93914	0.046049
-0.42071	0.15762	0.8934
0.46646	-0.14577	0.87245
-0.34493	-0.74455	0.57155
-0.75566	-0.020673	0.65464
-0.2508	-0.28475	0.92521
-0.66279	-0.20665	0.71972
-0.90481	0.28398	0.31731
-0.24225	0.92533	0.29167
0.62499	0.69817	0.34921
-0.10679	0.44022	0.89151
-0.85989	0.48922	0.14579
0.025965	-0.25151	0.96751
-0.25126	-0.069448	0.96543
-0.50483	-0.82235	0.26245
-0.096251	-0.86692	0.48907
-0.51227	0.8132	0.27621
-0.92356	0.080413	0.37493
-0.051291	0.59581	0.80149
-0.071789	-0.58129	0.81052
0.21283	-0.44304	0.87087
0.7003	-0.31622	0.63998
-0.65813	0.69356	0.293
0.26397	-0.85694	0.44269
0.38338	-0.67873	0.62638
-0.77515	-0.14212	0.61558
0.30247	-0.38513	0.87189
0.19998	0.6794	0.70599
-0.99815	-0.048544	0.036735
-0.20027	0.45045	0.87005
0.75043	0.56943	0.33555
0.6604	0.75021	0.032504
-0.44447	0.86921	0.21663
0.47441	-0.53948	0.69563
0.61198	0.5296	0.58737
-0.1605	-0.34366	0.92528
0.3926	-0.87743	0.27564
-0.46442	0.41416	0.78281
0.35752	-0.91675	0.17816
0.61694	-0.21379	0.75742
-0.95511	0.10005	0.27884
0.16906	0.4511	0.87632
0.24576	0.96416	0.10001
-0.46158	0.88047	0.1083
0.56383	-0.82588	0.004789
-0.40487	0.26303	0.87572
0.35695	0.10786	0.92788
-0.89718	-0.37366	0.23548
0.20845	-0.13583	0.96855
-0.42077	-0.1546	0.8939
0.77152	-0.60656	0.19194
0.33043	0.74833	0.57517
0.39913	0.86596	0.30134
-0.13215	-0.96395	0.23095
0.78928	0.61368	0.020978
0.019956	-0.04132	0.99895
-0.99333	0.033974	0.1102
0.6874	-0.22265	0.69131
-0.96654	-0.089787	0.24028
-0.50066	-0.19562	0.84325
0.11983	-0.49502	0.86058
-0.55328	0.36809	0.74725
0.70109	0.65081	0.29141
-0.63686	-0.69822	0.32694
-0.086995	-0.94149	0.32561
0.76255	0.43897	0.4752
0.71279	0.23238	0.66177
-0.43775	-0.67977	0.58846
0.28263	0.040114	0.95839
0.05796	0.99473	0.084568
-0.43421	-0.35549	0.8277
-0.53222	0.46364	0.70837
-0.44396	-0.52904	0.7232
-0.82137	0.45545	0.34339
-0.68049	-0.39638	0.6163
-0.0048044	-0.99814	0.060729
-0.071205	-0.088629	0.99352
-0.2808	0.85049	0.44478
0.2559	-0.95166	0.16991
0.87432	0.43567	0.21391
-0.24369	0.80963	0.53396
-0.14439	0.61542	0.77486
-0.80744	-0.31637	0.49794
0.70464	-0.404	0.58332
-0.25348	-0.3854	0.88725
-0.50961	0.0063715	0.86038
0.34055	0.47159	0.81341
-0.06869	-0.19554	0.97829
0.19272	0.8995	0.39211
0.69166	0.48708	0.53326
-0.68314	-0.47857	0.55162
0.026866	-0.35275	0.93533
-0.073219	0.021399	0.99709
0.17471	0.75774	0.62874
0.00026049	-0.85259	0.52258
-0.052214	0.24686	0.96764
0.71719	0.67162	0.1859
-0.8807	0.3816	0.28064
0.89274	-0.043733	0.44845
0.87378	-0.22316	0.4321
0.63389	-0.11816	0.76434
0.80197	0.048934	0.59536
0.11974	0.63339	0.76451
0.21983	0.60206	0.76759
0.018291	-0.77909	0.62664
-0.50242	0.5552	0.66281
0.9765	0.077519	0.20111
0.84998	-0.47584	0.22608
-0.35327	-0.50882	0.78505
0.18743	0.082904	0.97877
-0.35009	-0.85868	0.37431
-0.67133	-0.7392	0.053824
-0.17716	-0.97489	0.13492
-0.67151	0.45806	0.58245
0.02098	-0.70599	0.70791
0.655	0.74277	0.13883
0.93576	-0.030871	0.35129
0.52363	0.56673	0.63611
0.87557	-0.31045	0.37013
0.21189	-0.53575	0.81736
0.45251	-0.87196	0.18689
-0.039604	-0.90738	0.41845
-0.78833	0.43079	0.43926
-0.58295	-0.18321	0.79158
0.61348	0.3728	0.69617
0.47026	-0.35702	0.80709
-0.67685	0.71098	0.19075
0.90347	0.34105	0.25967
0.28487	0.84842	0.44613
0.51586	0.69601	0.49946
-0.10911	0.74801	0.65465
0.04608	0.57387	0.81765
0.62534	-0.31132	0.71556
0.59783	-0.79531	0.10042
0.10337	0.88372	0.45646
0.19079	-0.8336	0.51837
0.24576	0.79578	0.55348
0.53098	-0.70725	0.46675
0.67145	-0.63863	0.37591
-0.22244	-0.97412	0.04007
0.036457	0.84736	0.52976
-0.92781	0.30253	0.21829
0.088182	0.12619	0.98808
0.73811	0.38363	0.555
0.068339	0.48586	0.87136
0.61558	-0.01189	0.78798
0.81609	0.50884	0.27402
0.69021	-0.56545	0.45152
-0.43001	-0.90269	0.015527
-0.73673	-0.55517	0.38603
0.21058	-0.62149	0.75459
0.49159	0.50472	0.70964
0.40351	0.27913	0.87136
0.31287	0.6397	0.70206
-0.16373	0.95846	0.23354
-0.25593	-0.78728	0.56096
-0.94219	-0.33327	0.034761
-0.23535	0.58696	0.77465
0.29385	-0.06906	0.95335
-0.55546	0.59888	0.5769
-0.079864	0.35375	0.93192
-0.1338	0.81443	0.56463
-0.90495	-0.21191	0.369
-0.5984	0.76625	0.23404
-0.59106	0.050887	0.80502
-0.44894	-0.87331	0.18919
-0.16585	-0.75897	0.62964
0.86786	-0.39479	0.3016
0.35466	0.79516	0.49187
-0.78168	0.54708	0.29946
0.23247	-0.90856	0.34711
-0.44084	-0.44478	0.77964
0.38223	-0.10861	0.91766
0.70098	-0.6857	0.19609
0.76874	-0.40216	0.4973
0.3858	-0.21639	0.89685
0.94968	0.068806	0.30556
0.12599	-0.93302	0.33705
-0.97753	0.01475	0.21026
0.8247	-0.54966	0.13323
0.21152	-0.24186	0.94698
0.79105	0.4822	0.37646
-0.71609	-0.10739	0.6897
0.38887	-0.59971	0.69937
-0.32952	-0.9438	0.02572
-0.73338	0.63296	0.24801
0.46862	-0.2529	0.84643
-0.29777	-0.90794	0.29492
0.02149	0.65999	0.75096
0.82654	-0.31462	0.46674
-0.54491	0.71925	0.43099
-0.66731	-0.01135	0.7447
0.52887	0.40866	0.74383
-0.9429	0.33282	0.012822
0.42441	0.59968	0.67843
0.024622	-0.54158	0.84029
-0.97045	0.23664	0.0471
-0.63876	-0.75423	0.15207
0.9139	-0.30143	0.27191
-0.16872	-0.61362	0.77136
0.37821	0.67629	0.63213
0.022559	-0.62705	0.77865
0.97323	-0.19204	0.12626
-0.51646	-0.68932	0.50804
-0.34414	0.54618	0.76371
-0.7777	0.19883	0.59636
0.99168	0.086885	0.09498
0.94269	-0.28581	0.17219
-0.16246	-0.025599	0.98638
-0.33817	0.90683	0.25159
0.62448	-0.75609	0.19582
0.041827	0.98174	0.18556
-0.81365	0.33515	0.47503
-0.52698	-0.6192	0.58214
-0.25569	0.94867	0.18613
0.87321	0.24653	0.42039
0.97326	0.17467	0.14918
-0.35332	-0.67062	0.65225
-0.072581	-0.73792	0.67097
-0.4142	0.85489	0.31241
-0.90599	-0.29398	0.30457
-0.38747	0.92084	0.043821
-0.81116	-0.58479	0.0060176
0.9893	-0.010315	0.14555
-0.34835	-0.41993	0.83804
-0.067572	-0.39906	0.91443
-0.37368	0.9139	0.15861
0.41684	-0.90455	0.089568
0.90103	-0.38339	0.20286
-0.6313	0.6693	0.39179
0.84288	0.53389	0.067198
-0.39105	0.36139	0.84645
-0.14617	0.5315	0.83435
-0.030216	0.93788	0.34565
0.10835	0.016318	0.99398
0.13445	0.82096	0.55493
-0.60104	-0.6255	0.4975
0.92169	0.35449	0.15759
-0.72925	-0.22404	0.64653
0.42731	0.17528	0.88695
0.023636	-0.14733	0.98881
0.57858	0.47039	0.66632
-0.82893	0.23666	0.50682
0.26845	0.71615	0.64425
0.43826	0.44	0.78379
-0.16636	-0.53041	0.83126
0.42232	-0.82661	0.37198
-0.84539	-0.46526	0.26239
-0.41452	0.72147	0.55466
-0.42432	-0.746	0.51325
0.017647	-0.94446	0.32816
0.11619	-0.66571	0.73711
-0.021283	0.99968	0.01355
-0.038754	0.51128	0.85854
-0.23858	0.24794	0.93894
-0.74794	0.64758	0.14568
-0.94064	0.31869	0.11679
0.56291	0.76989	0.30068
-0.84984	-0.52018	0.084747
0.50749	0.86067	0.041103
-0.90102	-0.42961	0.059956
0.70134	-0.48705	0.52048
0.76742	-0.31617	0.55777
0.91816	0.24624	0.31038
0.48343	-0.82802	0.28404
0.86619	0.042232	0.49793
0.20231	-0.027436	0.97894
-0.98771	-0.069662	0.13995
-0.14465	0.1855	0.97194
0.64896	-0.70368	0.28928
-0.88222	0.16189	0.44213
-0.34529	-0.91637	0.2026
0.95109	-0.20261	0.2332
-0.14823	-0.90267	0.404
-0.048122	0.14373	0.98845
0.81012	0.32587	0.48736
0.30147	-0.28317	0.91045
-0.9155	-0.02398	0.40161
0.80061	-0.14092	0.58238
0.94869	-0.11775	0.29347
0.23261	0.25557	0.93839
-0.7844	-0.54955	0.2876
0.66081	0.43084	0.61458
-0.86212	-0.30876	0.40176
-0.93493	-0.10939	0.33755
-0.059498	0.97062	0.23315
-0.71795	0.16269	0.67681
-0.74303	-0.31567	0.59014
0.21273	-0.97421	0.075241
-0.28544	-0.95067	0.12148
-0.069303	-0.49336	0.86706
0.29889	-0.17729	0.93767
-0.60509	-0.38367	0.69761
-0.30391	0.62803	0.71639
-0.0044105	0.73549	0.67753
0.97622	-0.10722	0.18841
0.63205	-0.40052	0.6634
-0.16035	-0.24114	0.95715
0.0090932	0.9021	0.43142
0.55689	0.30913	0.77092
0.75611	-0.22539	0.6144
-0.87179	0.26259	0.41355
0.14373	0.97759	0.15379
-0.11628	-0.99209	0.04738
0.85212	0.41834	0.31446
0.44584	-0.76541	0.46408
0.099733	-0.80841	0.5801
0.54639	-0.28781	0.78652
-0.5439	0.83672	0.063816
-0.64672	0.21617	0.73145
0.72347	-0.62863	0.28534
-0.71879	-0.68253	0.13223
-0.16916	-0.68992	0.70385
-0.46559	0.64087	0.61033
0.53468	0.027751	0.8446
-0.57789	0.16345	0.79958
0.16079	0.19129	0.96827
-0.80929	-0.39755	0.43243
0.42428	0.90036	0.096597
-0.070636	-0.98713	0.14345
0.30231	-0.48171	0.82254
0.1204	-0.30053	0.94614
0.73687	0.12425	0.66452
0.49601	0.24178	0.83398
-0.33465	0.099604	0.93707
-0.44132	0.50662	0.74066
0.12166	0.28549	0.95063
0.21638	0.92841	0.30205
-0.75663	-0.619	0.2106
-0.15993	-0.81959	0.55018
0.097617	0.38651	0.91711
-0.63947	0.5501	0.53709
-0.90841	0.41185	0.071894
-0.50912	0.68349	0.5231
0.21292	-0.34466	0.91426
0.46436	-0.041045	0.88469
-0.97657	0.11866	0.17954
-0.78898	-0.60465	0.1091
0.14597	0.54588	0.82505
-0.35535	-0.59235	0.72308
0.3178	0.91366	0.25342
0.72359	0.53309	0.43844
0.74032	0.025455	0.67178
0.95865	-0.27711	0.064784
-0.21351	0.97417	0.073543
-0.85619	-0.22651	0.46437
0.021185	0.31916	0.94746
0.81988	-0.22793	0.52521
0.23328	0.95124	0.20182
-0.67896	0.58446	0.44433
0.81307	-0.4755	0.33589
-0.42716	-0.050971	0.90274
0.66212	0.16641	0.73069
-0.42257	-0.26157	0.86776
0.4702	-0.62108	0.62703
0.11856	-0.19729	0.97315
-0.25054	-0.17856	0.9515
-0.58577	-0.80702	0.074713
-0.52456	-0.37559	0.76404
-0.95152	-0.0044754	0.30756
-0.71656	0.058429	0.69507
0.58203	0.20478	0.78696
-0.59835	-0.76202	0.24758
-0.74594	-0.66532	0.030314
0.94391	0.2592	0.20459
-0.89959	0.39861	0.17845
0.31717	-0.94478	0.082392
-0.81114	0.57663	0.097669
0.51561	0.13692	0.84582
-0.39009	-0.9142	0.10984
0.569	-0.77009	0.28844
0.38262	0.834	0.39755
-0.71018	0.61217	0.3477
0.8603	-0.13438	0.49175
0.039935	-0.98726	0.15405
0.10497	-0.99213	0.068299
-0.30834	0.31071	0.8991
0.77412	-0.057721	0.6304
-0.7495	-0.40001	0.52748
0.14957	-0.9754	0.16194
-0.71058	0.26394	0.65224
-0.40128	-0.87167	0.28137
-0.74651	0.39885	0.53258
-0.29477	0.40606	0.865
-0.50828	0.10882	0.85429
0.63235	-0.4851	0.60399
-0.99852	0.053698	0.0081721
-0.66372	-0.62857	0.40543
0.59735	0.099314	0.79581
-0.24627	0.039903	0.96838
-0.82219	-0.53767	0.18688
0.60044	0.66101	0.45004
0.35678	-0.81536	0.45596
-0.38728	0.82661	0.40833
-0.12921	0.93757	0.32289
0.55578	-0.47319	0.68352
-0.87852	-0.4495	0.16174
0.19631	0.85254	0.48439
0.9197	0.15783	0.3595
-0.86943	-0.043452	0.49214
0.2961	-0.91781	0.26447
0.82344	0.38791	0.4141
0.057753	-0.90703	0.4171
0.87974	0.14636	0.45238
-0.58349	-0.69524	0.41974
0.55351	-0.55657	0.61956
0.10018	0.71319	0.69378
0.33004	-0.87213	0.3612
-0.48276	0.31651	0.81656
0.54196	0.73784	0.40234
0.82884	0.22878	0.51057
-0.23864	-0.94675	0.21614
-0.92503	-0.35487	0.1356
0.83387	0.52478	0.17108
-0.026105	-0.97108	0.23734
0.11817	-0.58386	0.80321
-0.54901	-0.81826	0.17039
-0.83978	-0.14227	0.52396
-0.93896	-0.27531	0.20628
0.5415	-0.81826	0.19296
-0.40805	0.59487	0.69254
0.90295	-0.42842	0.033829
0.47556	0.64838	0.59451
-0.48371	0.792	0.37251
0.19213	-0.94765	0.25506
0.55226	-0.38447	0.73972
0.69218	0.33298	0.64032
-0.17335	0.86089	0.47835
0.26148	0.14985	0.95351
0.77935	0.18433	0.59886
-0.85198	0.3608	0.37941
-0.94681	0.20247	0.25012
-0.11749	0.99229	0.039383
0.99923	-0.0038803	0.039003
0.64334	0.72542	0.24472
0.72718	-0.68635	0.011996
-0.59873	-0.28576	0.74823
0.92626	-0.36286	0.10187
0.95762	0.27082	0.098113
0.83654	-0.04405	0.54614
-0.18561	0.68125	0.70813
0.46171	-0.69618	0.54969
0.12075	-0.40015	0.90846
0.59306	-0.71003	0.37966
0.79845	-0.60139	0.028382
-0.61692	0.41548	0.66842
0.13343	0.9572	0.25685
-0.55086	-0.76232	0.33975
0.19849	-0.77191	0.60395
-0.61301	0.77948	0.12894
0.55041	-0.07958	0.8311
-0.31567	0.88108	0.35222
-0.45241	0.7602	0.46629
-0.066625	-0.80718	0.58653
0.40159	0.5324	0.74517
-0.51248	-0.09878	0.853
-0.073146	-0.66286	0.74516
0.37326	0.37831	0.84709
-0.2669	0.50451	0.82112
-0.2628	-0.5647	0.78234
0.69097	-0.048933	0.72123
-0.49127	-0.86575	0.095549
0.63817	0.27214	0.7202
0.37456	-0.75003	0.54512
-0.21484	-0.85386	0.4741
-0.49633	-0.75468	0.42908
-0.30381	0.94758	0.098941
0.096483	0.92812	0.35955
-0.25908	-0.47807	0.83924
0.29944	0.88669	0.3523
0.20748	-0.70012	0.68322
-0.49501	0.21536	0.84178
-0.40055	-0.80383	0.43979
-0.34031	-0.3256	0.88214
0.11516	-0.091517	0.98912
-0.42423	0.054069	0.90394
-0.60899	-0.55113	0.57043
0.9816	0.18609	0.042818
-0.68194	-0.69397	0.231
-0.078477	0.68058	0.72846
-0.19358	-0.93009	0.31217
0.012981	0.066872	0.99768
0.035976	0.95876	0.28194
0.302	-0.57113	0.76329
-0.89289	-0.12827	0.43162
-0.51637	-0.28605	0.80717
0.51005	-0.77256	0.37814
-0.75396	0.65565	0.040942
0.85424	-0.51859	0.036577
-0.26219	-0.71946	0.64314
0.72629	0.68271	0.080069
0.56556	0.61665	0.54762
0.64882	-0.7609	0.0082942
0.77094	0.59345	0.23124
-0.10065	0.90283	0.41805
-0.1414	0.97947	0.14365
-0.62137	0.78323	0.021214
0.9304	0.36253	0.054185
0.37503	-0.0012697	0.92701
0.75421	-0.64829	0.1043
-0.26425	-0.64517	0.71689
0.87775	-0.46102	0.13045
-0.0016875	0.41995	0.90755
-0.58668	-0.052409	0.80812
-0.44363	-0.60736	0.65902
-0.96119	-0.25444	0.10668
-0.33842	-0.0058169	0.94098
0.29286	-0.72901	0.61869
0.30422	0.31788	0.898
0.26999	0.4139	0.86937
0.066525	0.78257	0.619
-0.20459	0.35827	0.91093
0.30757	0.11747	0.92304
0.5168	-0.7239	0.41144
-0.117	-0.17735	0.95669
0.077908	0.57471	0.78996
-0.86639	0.43538	0.14218
-0.42242	-0.76241	0.44799
-0.97023	0.062414	0.12311
-0.81556	-0.43899	0.32024
-0.61949	-0.7547	0.084027
-0.54879	-0.55397	0.59359
0.49049	0.77521	0.34477
0.095104	-0.87725	0.42637
0.80779	-0.27649	0.48107
-0.75784	-0.43456	0.44411
0.37084	0.70709	0.56824
-0.95887	-0.19234	0.062999
0.76161	0.59056	0.17773
-0.34876	0.64161	0.65353
-0.15574	-0.95134	0.17633
0.89648	-0.014013	0.39565
-0.38674	0.80958	0.39423
-0.6794	0.52089	0.47695
0.25845	0.79171	0.51653
-0.52544	-0.095177	0.82174
-0.66008	-0.50141	0.52277
-0.22179	0.60971	0.73448
0.089354	-0.29054	0.93166
0.065927	-0.73082	0.64958
-0.38192	0.73162	0.52846
0.78687	-0.14843	0.56498
0.22871	-0.51203	0.80369
-0.05474	-0.30258	0.93051
-0.55234	0.051068	0.80791
-0.42358	-0.3813	0.79724
0.16299	0.10734	0.96037
0.91891	-0.15487	0.30335
0.13215	0.85672	0.45712
0.71301	0.23396	0.63031
-0.88552	-0.24837	0.33848
0.87735	-0.43649	0.011231
-0.43216	0.42161	0.77193
-0.077684	-0.73546	0.64301
0.1239	-0.95665	0.17281
0.76451	0.43857	0.42846
-0.88957	0.24818	0.32782
0.11538	0.68426	0.69201
0.25912	0.86334	0.38457
-0.49103	-0.47214	0.70454
-0.22329	0.48649	0.8209
0.83139	0.29962	0.42358
-0.66903	-0.27943	0.65933
0.26652	-0.92676	0.17458
0.72335	-0.27537	0.60112
-0.10358	-0.92509	0.30638
-0.60084	0.77238	0.053166
0.22395	0.24059	0.92324
0.27492	0.36779	0.86577
0.9665	0.053262	0.15312
0.57087	0.78998	0.10217
0.5379	-0.8011	0.17115
0.7406	-0.028743	0.64116
-0.71589	-0.55097	0.37991
-0.017533	-0.96433	0.17368
0.64225	0.3679	0.64232
0.40853	0.37528	0.80788
-0.79516	0.51827	0.24396
0.32876	-0.87362	0.2985
-0.77778	0.46181	0.37709
-0.70008	-0.66538	0.166
0.56201	0.49247	0.63405
-0.0064509	0.94574	0.25679
-0.81926	-0.31289	0.4374
0.21949	0.59476	0.74732
0.83229	-0.014749	0.51718
0.44468	0.1208	0.86491
0.13027	0.35752	0.90311
-0.25647	0.72797	0.60389
0.46293	0.86258	0.045306
0.9311	-0.24085	0.18829
0.66796	0.47566	0.53664
-0.58854	-0.7484	0.2322
-0.73338	0.40319	0.5099
-0.28577	-0.79436	0.49772
-0.0033972	0.90008	0.3876
-0.35728	-0.50894	0.75745
-0.87259	-0.44518	0.028338
0.92592	0.1084	0.30219
-0.44643	0.28974	0.82289
-0.82971	0.060057	0.51806
-0.76589	-0.56062	0.24395
-0.45573	0.55219	0.66918
0.87409	-0.27441	0.34794
0.77081	0.52067	0.30848
0.12436	0.95433	0.18491
0.034932	0.46627	0.86126
-0.94122	0.025573	0.27176
0.29059	-0.77593	0.52335
-0.40678	-0.8893	0.063861
-0.22134	-0.7263	0.61959
-0.0053462	0.97271	0.11919
-0.61093	0.69219	0.32869
-0.20044	-0.30287	0.91022
0.61743	-0.27688	0.70888
-0.13961	0.92431	0.29421
-0.36039	-0.70263	0.58037
0.15139	-0.4085	0.87784
-0.54204	0.44627	0.6837
-0.20556	0.20245	0.93657
-0.80741	-0.079011	0.54977
-0.11583	-0.97199	0.046999
0.83587	-0.48993	0.14726
0.02694	-0.16658	0.96536
0.45027	-0.13517	0.85987
0.39469	-0.4978	0.7462
-0.75218	0.27699	0.56383
-0.61359	0.73955	0.19228
-0.55533	0.18932	0.78497
-0.0066943	0.753	0.62718
0.73219	-0.40097	0.51334
0.59952	-0.77408	0.042109
0.38407	-0.80108	0.41371
0.080056	0.22694	0.94999
0.78867	-0.50858	0.2824
-0.28861	-0.62492	0.69755
0.96226	-0.10825	0.15082
-0.37962	-0.87824	0.2121
-0.91522	0.29935	0.1821
0.84449	0.38661	0.31268
-0.4803	0.85388	0.024618
0.6821	0.69038	0.13607
0.57049	0.11883	0.78792
-0.13943	0.69851	0.67309
-0.79323	-0.56762	0.094876
0.59042	0.7433	0.24353
-0.6527	0.38605	0.62076
-0.042223	-0.039253	0.9783
-0.65879	0.10503	0.71789
0.86911	0.12459	0.43535
-0.10264	0.43879	0.87025
0.54268	-0.50555	0.64056
0.31923	0.49121	0.78563
-0.09178	0.56025	0.79881
-0.79551	0.5624	0.10614
-0.60859	-0.61773	0.45654
0.57819	-0.1399	0.7788
-0.50457	-0.82667	0.14978
-0.19901	-0.86895	0.4071
-0.96283	-0.076297	0.16595
0.31096	-0.13928	0.91886
0.47086	0.60626	0.60921
0.4458	0.49644	0.71778
0.68283	0.6416	0.28722
0.36164	0.89925	0.14481
-0.65903	-0.65598	0.30947
0.74186	0.34709	0.53812
-0.56027	0.32148	0.73699
-0.14586	-0.64021	0.7275
-0.95543	0.20305	0.079556
0.33831	-0.68033	0.61895
-0.18354	-0.047458	0.96149
-0.923	-0.11082	0.31015
-0.85695	-0.16181	0.44705
-0.61303	-0.42249	0.63726
0.23909	-0.85411	0.41682
-0.74021	0.0063414	0.64222
0.041224	-0.97815	0.043907
-0.049725	-0.87962	0.42918
0.41979	-0.37592	0.80179
0.50507	-0.26005	0.79855
0.88814	0.40981	0.060466
-0.1377	0.86951	0.43058
-0.26643	0.87585	0.34971
0.62467	-0.62812	0.41911
-0.49555	0.72572	0.43377
0.96924	0.14046	0.035356
0.093648	0.97515	0.026567
-0.26529	0.91954	0.21088
-0.31343	-0.035405	0.92785
-0.24784	0.94577	0.067088
0.9012	-0.36172	0.1319
-0.72219	-0.66222	0.01741
0.52891	-0.39782	0.72277
-0.1411	-0.81198	0.53027
0.68748	-0.1538	0.68127
0.33492	-0.91976	0.047695
0.00085082	-0.64058	0.74166
0.47736	0.83186	0.20134
-0.1853	0.33456	0.90229
-0.97851	-0.04898	0.022613
0.96727	-0.15551	0.024442
-0.37584	0.89887	0.10576
-0.55322	-0.33624	0.73572
0.93825	0.27824	0.051623
0.84262	0.46221	0.19172
-0.75492	0.14421	0.60803
0.80443	-0.4003	0.39121
0.1911	-0.96018	0.044022
0.079565	-0.53054	0.82012
0.14942	-0.80483	0.53882
-0.88282	-0.34681	0.24647
0.17081	-0.15506	0.95246
-0.84771	-0.46128	0.17034
0.22785	0.94874	0.091538
-0.46875	-0.80667	0.29994
0.78108	0.094794	0.58423
0.75402	-0.60484	0.16132
0.25523	0.91488	0.24136
-0.43432	0.14842	0.86587
-0.54515	-0.71942	0.38163
-0.34648	-0.2821	0.87222
0.81719	0.53677	0.066877
0.64213	-0.39657	0.62514
0.3793	0.79089	0.43706
0.35021	0.6056	0.6863
-0.58764	0.52834	0.5796
0.36319	0.24748	0.87593
0.97958	-0.010043	0.026843
0.7105	-0.67412	0.033972
-0.13772	-0.42539	0.87205
0.68293	0.56523	0.41776
-0.32789	0.24848	0.88947
0.005995	-0.81495	0.54426
0.53116	0.37596	0.73275
0.38468	-0.008683	0.9013
-0.27571	-0.93294	0.11837
0.37519	0.85496	0.29778
0.24719	0.70122	0.63843
-0.60377	-0.19007	0.74815
0.64202	-0.51681	0.53021
-0.424	-0.5955	0.65268
-0.89755	0.11379	0.37663
-0.26544	0.8112	0.48155
-0.28332	-0.41114	0.84326
-0.50035	0.82688	0.16226
0.72192	-0.52039	0.41041
-0.48524	0.63959	0.56202
-0.25242	-0.90649	0.27378
-0.91754	0.34211	0.038532
0.040109	-0.93069	0.30432
-0.26188	-0.17492	0.92802
0.24392	-0.015346	0.94903
0.0076465	-0.42208	0.88441
0.20486	-0.71269	0.64071
-0.49074	-0.66581	0.52562
0.68303	0.10928	0.69421
0.65529	-0.70944	0.16637
0.13106	0.91525	0.32488
-0.9161	-0.33146	0.10629
0.43928	-0.59073	0.64689
0.89546	0.24068	0.31722
0.2936	-0.39882	0.84566
0.18276	0.47844	0.83552
-0.85593	0.38476	0.2824
-0.38916	0.86281	0.25399
-0.068697	0.21525	0.9536
-0.83446	0.19583	0.47511
-0.34011	0.52639	0.75342
0.12897	0.77933	0.58001
0.51736	-0.0088957	0.83226
-0.71524	-0.14	0.65516
-0.82094	0.3277	0.42317
-0.13469	0.7956	0.55613
0.2326	-0.27933	0.9101
0.48525	0.70061	0.48381
-0.7127	0.63725	0.21532
-0.30162	0.099682	0.92709
0.36935	-0.25955	0.86984
0.80376	0.21052	0.51966
-0.018133	0.3375	0.91987
-0.64119	-0.044447	0.7398
-0.48207	-0.2433	0.81781
0.65591	0.72812	0.0054327
-0.72136	-0.3599	0.55724
0.59003	0.6789	0.38905
0.47295	-0.85705	0.046802
-0.34238	-0.84314	0.36371
0.9442	0.19222	0.17871
-0.31407	0.38328	0.84549
-0.70594	0.67533	0.07735
0.8643	-0.38119	0.26093
0.58157	0.59447	0.51845
0.29377	-0.59606	0.72029
-0.21541	-0.53163	0.79458
0.69742	-0.62257	0.29397
-0.77607	-0.22662	0.55385
0.59243	-0.72357	0.29304
0.1476	-0.62657	0.73894
-0.93977	0.16139	0.22623
0.53912	-0.61829	0.53616
-0.59335	0.62946	0.46056
-0.068461	-0.53893	0.81564
-0.70353	0.58616	0.34908
0.1838	-0.91472	0.29983
0.40646	-0.87455	0.17422
-0.0019813	0.83585	0.51162
-0.93487	-0.21391	0.20162
0.49211	0.25014	0.80972
-0.66404	0.24499	0.67781
-0.022594	0.65251	0.73084
0.013055	0.095205	0.97528
0.60918	0.24615	0.72712
-0.40147	-0.14288	0.8825
0.90386	0.32735	0.1905
-0.88632	-0.022739	0.41752
0.467	-0.80922	0.29576
0.93674	-0.28688	0.024807
-0.435	0.0095321	0.87811
-0.50501	0.78449	0.29992
0.637	-0.015744	0.74457
-0.13683	0.95919	0.14709
0.8016	-0.56338	0.021027
0.43216	-0.70843	0.52131
0.86296	-0.14819	0.44017
0.10132	-0.028215	0.97434
0.94335	-0.026303	0.2642
-0.14076	0.081332	0.96642
0.33812	0.28646	0.9187
0.62443	-0.63126	0.50199
-0.069504	-0.052643	1.0163
-0.33277	-0.96227	0.060814
0.048256	0.71333	0.72749
-0.93708	0.38247	0.12646
-0.34241	-0.75753	0.59102
-1.0064	-0.013068	0.16524
-0.78738	-0.48317	0.43241
-0.5598	-0.82251	0.22474
-0.48984	-0.53472	0.71731
0.43901	0.89397	0.2202
0.20443	-0.82772	0.5599
0.88151	-0.13356	0.49548
-0.72381	-0.45474	0.55651
0.33	0.84524	0.46592
-0.97028	-0.2821	0.13923
0.73304	0.70661	0.061353
-0.40505	0.72002	0.59826
-0.056167	-0.96512	0.32526
0.94305	0.13179	0.36564
-0.4708	0.85042	0.30907
-0.74083	0.53778	0.44985
0.20308	0.91339	0.40605
-0.50547	-0.028287	0.88549
-0.61294	-0.50214	0.6423
-0.26751	0.71166	0.67998
0.15498	-0.15218	0.99661
0.16674	-0.64756	0.77023
-0.45306	0.79068	0.45821
0.84945	0.00808	0.5646
0.31781	-0.38451	0.88969
0.0070529	-0.17883	1.0042
-0.549	0.11704	0.85165
-0.37114	-0.31536	0.89621
0.19082	0.26738	0.96566
0.97772	-0.024064	0.28964
0.063535	0.95894	0.34175
0.7355	0.40266	0.58078
-0.87898	-0.29184	0.42734
0.95386	-0.35997	0.031139
-0.46439	0.5036	0.75573
0.018352	-0.66737	0.77115
0.2337	-0.94365	0.30873
0.76053	0.58788	0.34115
-0.93518	0.2155	0.34554
0.072256	0.81496	0.60912
0.19176	0.96752	0.25988
-0.43472	-0.42879	0.81704
-0.25325	0.59784	0.78667
0.84404	0.4512	0.35272
-0.64056	-0.25526	0.75162
0.37827	-0.89874	0.29931
0.79815	-0.12304	0.62307
-0.00040006	-0.91395	0.45288
0.23878	0.40456	0.90538
0.27631	0.53157	0.82552
1.0001	0.17198	0.10285
0.64597	-0.74373	0.26456
0.79175	0.13751	0.62819
-0.67051	-0.57947	0.505
0.088143	-0.96527	0.31764
0.64875	0.53486	0.57745
0.41182	0.54385	0.75831
-0.86845	0.48946	0.21594
0.44146	-0.81989	0.41628
-0.83997	0.45283	0.36026
-0.64966	-0.72674	0.30032
0.55246	0.65354	0.55504
-0.096116	1.0072	0.12948
-0.80026	-0.33696	0.5352
0.19124	0.74151	0.67379
0.8809	0.14262	0.49404
0.47767	0.29477	0.85167
0.12896	0.51235	0.87251
-0.32022	0.81035	0.53028
0.99528	-0.12799	0.18286
-0.20128	-0.99125	0.13157
0.6605	0.63236	0.45196
-0.52329	-0.79121	0.37491
-0.78332	0.4166	0.50325
-0.19594	-0.76958	0.64012
-0.083675	0.97989	0.27058
-0.29063	-0.44563	0.87026
-0.85589	-0.53806	0.13548
0.95756	0.24649	0.25046
-0.46368	0.37444	0.82777
-0.84706	0.056406	0.56543
-0.72597	-0.61428	0.36882
-0.50592	0.6201	0.63239
0.9453	-0.14451	0.35486
0.75436	0.65506	0.20554
0.03589	1.0182	0.047846
0.017521	0.60838	0.81852
-1.0199	-0.00017915	0.012182
-0.96743	-0.026139	0.32218
0.39959	-0.69035	0.63572
-0.32635	-0.94266	0.21283
-0.1321	-0.67552	0.75274
-0.69291	0.69838	0.26932
-0.14442	-0.19641	0.99044
0.69242	-0.11913	0.73943
-0.23042	0.97763	0.17759
-0.27984	-0.67066	0.71575
0.22959	-0.275	0.95502
-0.58373	0.50513	0.66671
-0.20136	0.32526	0.94555
-0.80842	-0.079382	0.61689
-0.017194	-1.0014	0.19308
0.9212	-0.39884	0.18089
0.078661	-0.026196	1.0166
-0.58307	-0.83377	0.07249
0.5099	0.03204	0.88282
0.48614	-0.36209	0.82034
-0.78778	0.29325	0.57775
-0.70532	0.72663	0.1222
-0.56726	0.25517	0.8084
-0.06349	0.86395	0.53848
0.81732	-0.26391	0.55021
0.70247	-0.72894	0.12479
0.49516	-0.72311	0.52185
0.092186	0.38038	0.94192
0.87896	-0.40272	0.32502
-0.20957	-0.56667	0.82181
1.0124	0.0055696	0.12379
-0.29425	-0.90684	0.36258
-0.9721	0.24403	0.18941
0.8447	0.5254	0.22545
0.63892	0.79505	0.0080615
0.60542	0.29377	0.76653
-0.19362	0.80179	0.60004
-0.7587	-0.64607	0.21764
0.54225	0.85615	0.11563
-0.69419	0.42325	0.61592
-0.0057163	0.099518	1.0151
-0.66791	0.14871	0.75643
0.90168	0.27711	0.38804
-0.078476	-1.0148	0.066085
-0.1217	0.56801	0.83842
0.63645	-0.37106	0.70544
0.30656	0.65072	0.72317
-0.12557	0.68315	0.74696
-0.87818	0.51441	0.067717
-0.54985	-0.62614	0.58822
0.63998	0.027814	0.79376
-0.43109	-0.87537	0.29713
-0.10152	-0.8509	0.55323
-0.98287	-0.14831	0.22884
0.36818	0.022828	0.95096
0.44543	0.75766	0.51764
0.43467	0.65853	0.64637
0.64999	0.76733	0.17065
0.071493	-1.0159	0.056308
0.28582	0.97913	0.0028342
-0.60318	-0.69197	0.4447
0.75041	0.50796	0.46826
-0.58778	0.38319	0.74032
-0.059183	-0.56394	0.84786
-1.0073	0.12623	0.099555
0.44236	-0.57355	0.71816
-0.15171	0.074763	1.0059
-0.93306	-0.1586	0.38033
-0.85465	-0.18428	0.52537
-0.56849	-0.39974	0.74661
0.35072	-0.79127	0.53971
-0.74454	0.028358	0.6966
0.1459	-0.99277	0.1831
0.054871	-0.84395	0.5702
0.50137	-0.22644	0.85893
0.57748	-0.099701	0.83485
-0.21802	0.94167	0.32576
-0.35472	0.92365	0.24787
0.72639	-0.5213	0.49092
-0.57334	0.75955	0.36709
-0.36289	0.94815	0.098596
-0.28857	0.069434	0.97586
0.97495	-0.26318	0.14355
-0.67803	-0.74752	0.14792
0.61385	-0.24981	0.77536
-0.043234	-0.76867	0.66909
0.75116	0.0099301	0.68997
0.44394	-0.9035	0.16431
0.093192	-0.54784	0.85533
0.41456	0.92968	0.065038
-0.19531	0.45772	0.89037
-1.0069	-0.14292	0.078092
1.0182	-0.061005	0.00016159
-0.51214	-0.29092	0.83275
0.83072	0.58496	0.090154
-0.77529	0.16329	0.64239
0.88779	-0.2741	0.42082
0.29916	-0.95961	0.17333
0.16594	-0.41571	0.91654
0.25701	-0.73157	0.66268
-0.86914	-0.40607	0.34654
0.22592	-0.0021584	0.99466
-0.82353	-0.53124	0.2828
-0.39089	-0.82925	0.44715
0.81884	0.25981	0.54991
0.84891	-0.52266	0.2158
0.1774	0.99893	0.10523
-0.43496	0.237	0.89165
-0.47622	-0.73525	0.52252
-0.29906	-0.19503	0.95547
0.72752	-0.25179	0.66912
0.32549	0.91272	0.31843
0.32329	0.75648	0.60301
0.63295	-0.79983	0.007095
-0.64307	0.56952	0.55
0.38053	0.41834	0.84888
0.22038	-0.99495	0.043708
-0.93153	-0.41191	0.054686
0.80666	-0.61672	0.096696
-0.068086	-0.32154	0.9656
0.66255	0.70821	0.316
-0.33439	0.35354	0.89643
0.10981	-0.75523	0.67674
0.53607	0.54553	0.67485
0.4303	0.16143	0.9106
-0.18426	-0.96654	0.2688
0.30975	0.95754	0.16604
0.20506	0.8374	0.54508
-0.57923	-0.14413	0.82711
0.73662	-0.38909	0.58856
-0.35431	-0.55638	0.77801
-0.92777	0.08406	0.41542
-0.3424	0.87684	0.39284
-0.22127	-0.32544	0.94102
-0.59823	0.82289	0.073271
0.81554	-0.40254	0.46179
-0.54927	0.69109	0.51099
-0.15752	-0.91427	0.42392
-0.98392	0.26654	0.035569
0.14883	-0.90589	0.44454
-0.2207	-0.06858	0.99347
0.28695	0.14781	0.96758
0.082453	-0.30206	0.97075
0.30835	-0.61663	0.75172
-0.42048	-0.65373	0.66048
0.71965	0.28123	0.66589
0.75778	-0.63889	0.24079
0.051743	0.99941	0.19725
-0.91004	-0.41422	0.20162
0.53851	-0.46764	0.72919
0.9128	0.38138	0.2485
0.37466	-0.25585	0.91355
0.16837	0.63157	0.78305
-0.91613	0.3522	0.27759
-0.4837	0.88416	0.15716
-0.060438	0.35433	0.95457
-0.86758	0.18888	0.50202
-0.38065	0.61737	0.71719
0.072553	0.89733	0.47952
0.56525	0.16407	0.83305
-0.70303	-0.11739	0.72964
-0.86911	0.31782	0.429
-0.20287	0.88464	0.46547
0.30133	-0.12979	0.96579
0.44617	0.83739	0.37431
-0.79647	0.61537	0.1654
-0.29042	0.20904	0.95517
0.43942	-0.10201	0.91482
0.82804	0.37124	0.46576
-0.021982	0.47971	0.89988
-0.63339	0.00033605	0.79951
-0.44531	-0.17653	0.90052
-0.68989	-0.35794	0.66055
0.55359	0.81146	0.27471
0.58026	-0.82577	0.14768
-0.25409	-0.84488	0.51186
0.96348	0.31608	0.11042
-0.33563	0.48669	0.8312
-0.79821	0.63479	0.017547
0.94325	-0.26779	0.28101
0.55809	0.74307	0.42046
0.391	-0.47658	0.81265
-0.14014	-0.44953	0.90481
0.79677	-0.52688	0.3577
-0.7605	-0.22711	0.64067
0.69857	-0.64092	0.37632
0.24353	-0.51947	0.84335
-0.98163	0.10661	0.25579
0.64088	-0.5024	0.61422
-0.66362	0.65516	0.41324
0.013446	-0.4395	0.92036
-0.77703	0.58355	0.31
0.29574	-0.87607	0.43061
0.51767	-0.8315	0.28464
-0.071232	0.93239	0.40741
-0.93839	-0.28147	0.28389
0.5114	0.42398	0.77402
-0.68929	0.28584	0.6954
-0.065906	0.77457	0.66038
0.037412	0.24241	0.99007
0.63012	0.41922	0.68381
-0.37009	-0.056116	0.94883
0.90808	0.45246	0.1052
-0.90053	-0.048863	0.4765
0.57775	-0.74068	0.39749
1.0002	-0.19869	0.020819
-0.4208	0.096279	0.92415
-0.59387	0.79921	0.22132
-0.45581	-0.90117	0.1433
0.36486	-0.95188	0.034634
0.68675	0.15589	0.73788
-0.23626	0.99204	0.020964
0.88899	-0.4961	0.063074
0.53903	-0.60753	0.61705
-0.7834	-0.64977	0.067037
0.92385	-0.0025707	0.43232
0.14157	0.12434	1.0024
0.98829	0.10445	0.22974
-0.12065	0.21179	0.99045
0.50268	-0.88713	0.026728
