0.23249	-0.4544	0.85992
0.66411	0.71029	0.23332
-0.026598	-0.99811	0.055419
0.061302	0.54616	0.83543
0.17012	-0.30985	0.93544
-0.42704	0.4475	0.78574
-0.51434	-0.7541	0.40839
-0.037735	-0.92251	0.38413
0.3259	-0.30678	0.89425
0.2906	-0.95155	0.1005
-0.10333	-0.40419	0.90882
0.3308	0.41955	0.84531
0.15829	0.98572	0.057376
0.81718	0.33276	0.47063
-0.63897	-0.34759	0.68622
0.24859	-0.87185	0.422
0.66278	-0.40678	0.62869
-0.73556	-0.386	0.55673
-0.51578	-0.12877	0.84699
0.15177	-0.013606	0.98832
0.21917	0.55303	0.80382
-0.71337	0.6249	0.31719
-0.056947	-0.54932	0.83367
0.068122	-0.44879	0.89104
-0.19558	-0.038136	0.97995
-0.22868	-0.49262	0.83966
0.79053	0.20277	0.57788
0.77786	-0.36754	0.50975
0.19128	0.92404	0.33099
-0.46968	-0.60256	0.64523
0.86887	-0.49293	0.045645
-0.71547	-0.67136	0.19331
-0.63971	-0.18131	0.74692
0.89282	0.32432	0.31255
-0.62468	0.78062	0.020396
0.87152	0.45076	0.19304
-0.23766	0.22902	0.94396
0.24775	-0.15806	0.95584
-0.74695	-0.66481	0.0097667
0.21233	-0.79413	0.56945
-0.26881	0.49451	0.82656
-0.80973	-0.42061	0.40918
0.55739	-0.82605	0.083375
-0.18838	0.6308	0.75273
0.59323	0.70981	0.37979
-0.93199	0.36225	0.013235
-0.41458	0.19521	0.88883
0.54799	-0.79902	0.24755
0.89072	-0.085941	0.44635
-0.57627	0.15504	0.80242
-0.0064812	-0.67507	0.73772
0.60755	0.47159	0.63912
0.11045	0.26928	0.95671
-0.83127	-0.090949	0.54838
-0.81484	0.076723	0.57459
-0.061449	0.25812	0.96416
-0.59328	-0.76488	0.25096
0.33218	0.94302	0.019139
-0.15286	0.91087	0.38333
0.55097	-0.13336	0.8238
0.4037	-0.85057	0.33699
-0.086503	-0.84645	0.5254
-0.47963	0.66588	0.57145
-0.2072	0.82738	0.52203
0.42627	-0.88871	0.16879
0.72436	-0.24982	0.64256
-0.89015	0.32764	0.31669
-0.89318	-0.29517	0.33927
-0.10157	0.52357	0.8459
-0.35874	-0.83481	0.41762
-0.68283	0.7115	0.16586
-0.5084	0.30476	0.80539
0.67475	0.19044	0.71305
0.77865	0.58815	0.2186
-0.58548	0.41208	0.69815
-0.18611	-0.97605	0.11262
0.78081	-0.62472	0.008169
0.28014	0.2803	0.91812
0.43956	-0.57218	0.69238
-0.97629	-0.19	0.1037
-0.38015	-0.404	0.83203
-0.99144	-0.032436	0.12646
-0.76676	-0.56154	0.31106
0.40553	-0.14939	0.90179
0.70962	-0.50955	0.48662
0.61999	0.030394	0.78402
0.97957	-0.0025459	0.20108
0.71782	0.69167	0.079517
-0.70846	0.11009	0.69711
0.30208	0.66826	0.67983
-0.35581	0.59797	0.71822
0.48909	0.44045	0.75286
0.3647	0.74561	0.55773
-0.94625	0.28001	0.1619
0.13845	0.67603	0.72375
0.11874	-0.58066	0.80544
0.93579	-0.34286	0.082077
-0.8576	0.51353	0.028532
-0.75436	0.65591	0.02679
0.79432	-0.078236	0.60244
-0.24269	-0.33427	0.9107
-0.33871	0.34219	0.87646
0.58919	0.31921	0.74227
-0.8674	0.20646	0.45276
0.97377	-0.17846	0.14114
-0.9814	0.12441	0.1462
0.4828	-0.67528	0.55758
-0.63747	-0.76671	0.076071
-0.49777	0.54696	0.6731
-0.35492	-0.55375	0.75326
-0.50491	-0.85266	0.13432
0.35919	0.88609	0.29297
-0.027729	-0.036092	0.99896
-0.11965	0.75524	0.64443
-0.37392	-0.070867	0.92475
0.32131	-0.0043641	0.94697
0.83019	-0.42338	0.36269
0.88639	0.1916	0.42144
0.1387	-0.97719	0.16081
0.27561	-0.92456	0.26309
0.168	0.41519	0.89409
0.37127	-0.78504	0.49584
0.20283	0.77926	0.59297
-0.025457	0.99557	0.090463
-0.04527	0.8597	0.5088
0.11826	0.86866	0.48109
0.54026	0.16707	0.82474
0.16704	-0.6969	0.69745
0.82478	0.5623	0.059707
-0.30735	-0.68467	0.66088
0.04076	-0.78332	0.62028
-0.092637	0.96674	0.23839
-0.93697	0.16872	0.30596
0.90826	0.41716	0.032266
0.33176	-0.6944	0.63855
-0.31087	-0.91836	0.24491
-0.81612	-0.56369	0.12732
0.9333	0.040976	0.35676
0.62452	0.58497	0.51748
0.28357	0.84777	0.44818
-0.30939	0.08085	0.94749
-0.25883	-0.18358	0.94832
0.018438	0.93222	0.36141
0.042104	0.77838	0.62638
-0.024415	0.66173	0.74935
0.079405	-0.16089	0.98377
0.70882	0.3401	0.61799
-0.95767	0.0063433	0.28781
0.2845	-0.58384	0.76039
-0.79533	0.58004	0.17608
0.85199	0.060978	0.51999
-0.38861	0.91094	0.13849
0.37337	0.54784	0.74864
-0.17054	0.38012	0.90908
-0.13281	-0.74675	0.65171
-0.36784	0.76906	0.52273
-0.81706	0.48152	0.3171
0.95074	0.17106	0.25854
-0.60992	0.65302	0.44896
0.58625	0.80315	0.10611
-0.41754	-0.72872	0.54279
-0.62031	0.53997	0.5689
0.67741	-0.72324	0.13431
0.82538	-0.21392	0.52249
0.72919	0.46484	0.5022
0.08678	-0.87025	0.48491
0.38752	0.14876	0.90978
0.88391	-0.2658	0.38477
0.8123	0.46565	0.3512
-0.70898	0.39536	0.58398
-0.39905	-0.24517	0.88354
-0.37221	-0.92367	0.091063
0.43296	0.8905	0.13983
0.7438	0.057205	0.66595
0.71254	0.59486	0.37206
0.4782	0.0097383	0.8782
0.44215	0.79989	0.40581
0.94251	0.29844	0.15034
0.53213	-0.43249	0.72787
-0.57031	-0.63731	0.51825
-0.65225	-0.66223	0.36883
0.38768	-0.44827	0.80546
-0.52541	-0.30122	0.79575
0.52208	0.81258	0.25912
0.99806	-0.046682	0.041294
0.62219	-0.63854	0.45293
-0.32152	0.86043	0.39534
-0.61839	-0.0099591	0.78581
0.087258	0.97362	0.21084
-0.10351	-0.1954	0.97524
-0.54139	0.8268	0.15265
-0.28458	0.71332	0.64046
-0.74642	-0.22408	0.62661
0.98657	0.12897	0.10024
-0.25461	-0.79686	0.54789
0.6597	-0.6903	0.29712
0.51808	-0.75267	0.40629
-0.48953	0.76457	0.41928
-0.15934	-0.94998	0.2686
0.68137	-0.10937	0.72372
-0.59384	0.74797	0.29647
-0.65804	0.26775	0.70377
0.92031	-0.31036	0.23814
0.58178	-0.54892	0.60019
0.11949	-0.93721	0.32765
-0.61247	-0.5	0.61227
-0.89823	0.042249	0.4375
-0.72859	0.51649	0.44987
0.0019505	0.40385	0.91482
-0.90378	-0.12546	0.40919
0.50528	0.6905	0.5176
-0.81075	0.36576	0.45706
-0.27052	0.92771	0.25723
-0.5042	-0.45807	0.73209
0.86101	-0.46447	0.20719
-0.47958	0.042676	0.87646
0.60595	-0.27704	0.74571
0.48344	0.59477	0.64229
-0.83196	-0.2605	0.48987
-0.44662	-0.84862	0.28349
0.0063265	-0.30342	0.95284
-0.73567	-0.055676	0.67505
-0.95236	-0.15878	0.26037
0.044406	0.11883	0.99192
-0.12757	0.10892	0.98583
0.7546	-0.5647	0.3342
-0.20897	0.97112	0.11516
-0.77439	0.23991	0.58546
0.21985	0.13448	0.96622
0.44398	0.2981	0.845
-0.44214	0.85084	0.28387
-0.20901	-0.88802	0.40956
-0.92922	-0.3249	0.17605
-0.012296	-0.9764	0.2156
-0.1832	-0.62874	0.75573
0.77899	-0.60237	0.17414
-0.88512	0.43232	0.17223
0.94541	-0.13484	0.29666
-0.89575	-0.44073	0.058213
-0.70145	-0.53377	0.47229
-0.85922	-0.44911	0.24504
0.47216	-0.29588	0.83038
0.26373	0.94844	0.17578
0.48613	-0.23122	0.83085
-0.10341	0.90435	0.38931
-0.33438	0.85492	0.37068
-0.48421	-0.78353	0.36293
-0.049667	0.084166	0.98516
0.14932	0.91682	0.34241
-0.39335	0.7269	0.54498
-0.90318	0.15071	0.37636
-0.42683	0.21093	0.868
0.96488	0.19605	0.10333
-0.22296	-0.88582	0.38173
-0.85118	-0.45379	0.22286
-0.63574	0.17107	0.73937
0.32739	-0.92979	0.091653
0.17624	0.1157	0.96729
-0.75726	-0.25221	0.58571
-0.55079	0.37452	0.73244
0.68401	-0.13851	0.70218
0.23807	0.95244	0.12756
0.24941	-0.90387	0.31766
-0.37227	-0.17403	0.90068
-0.13132	-0.96668	0.16849
-0.12957	-0.13258	0.97249
0.74291	-0.57401	0.31417
0.018828	-0.92607	0.34948
-0.9459	-0.26455	0.12407
0.9018	0.28435	0.29327
-0.96941	0.11403	0.16538
0.57478	-0.69247	0.41257
-0.3244	0.41711	0.83719
0.85109	-0.37558	0.33866
-0.55004	0.73971	0.36109
0.74021	0.65611	0.041288
-0.82029	0.53366	0.14976
0.53647	0.2646	0.78885
0.12537	0.51715	0.83483
-0.77291	-0.61503	0.066704
0.70068	0.11171	0.69041
-0.36066	-0.89836	0.20731
0.067974	0.82565	0.54201
0.29372	-0.66253	0.67445
0.69168	-0.48507	0.51613
0.78635	-0.26902	0.53794
-0.87427	-0.27561	0.37389
-0.33917	-0.75988	0.53632
0.58595	0.78378	0.14983
0.91277	-0.15831	0.34912
-0.51961	-0.0056494	0.84266
-0.83477	0.3725	0.38014
-0.098347	0.47742	0.86168
-0.59878	0.57856	0.53556
0.37777	-0.77685	0.48363
0.44086	0.66329	0.58804
-0.021861	0.97087	0.19243
0.39442	0.86903	0.26328
-0.75086	-0.45469	0.45778
0.98138	-0.043792	0.1228
-0.47817	0.85114	0.16436
0.309	0.81239	0.47397
-0.94764	-0.084469	0.27374
-0.0042803	0.67807	0.72132
0.18656	-0.51287	0.82599
-0.074042	-0.8247	0.54267
-0.22564	0.62761	0.73164
-0.6692	0.71308	0.15421
0.54152	0.73637	0.38028
0.82859	-0.035936	0.5406
0.83253	0.19127	0.50041
-0.71841	-0.03576	0.68022
-0.040877	-0.52871	0.836
-0.29038	0.041354	0.94555
-0.44083	-0.37472	0.80334
0.79088	0.4357	0.40593
-0.20018	-0.33567	0.90959
0.54185	-0.82831	0.019812
0.84398	-0.50217	0.12497
0.03542	-0.33005	0.93269
0.39018	0.14	0.89903
0.40707	-0.45723	0.77803
-0.43633	0.55947	0.69045
-0.18585	0.26044	0.93687
-0.98829	-0.055388	0.017684
0.53515	0.46416	0.69157
0.10621	-0.11384	0.97768
0.93299	0.060375	0.32556
-0.4328	-0.59215	0.66494
0.29229	0.33814	0.88336
0.5051	-0.59054	0.61339
0.60841	-0.36625	0.68978
-0.6063	-0.76417	0.16893
-0.91721	0.33172	0.16968
0.70242	0.3381	0.61024
-0.25744	0.93948	0.17667
-0.59399	-0.21298	0.76283
0.54903	-0.00020409	0.82381
0.94117	-0.27388	0.1389
-0.4775	-0.86703	0.018808
-0.58023	-0.62776	0.49935
0.72573	0.61658	0.27065
0.10164	-0.97615	0.12998
0.26536	-0.30439	0.9039
-0.72672	0.57241	0.35259
0.06396	-0.69373	0.70338
-0.7125	0.38407	0.57003
-0.85813	-0.056862	0.49038
-0.26691	-0.51934	0.79947
0.46733	-0.83413	0.25676
0.21975	0.69553	0.66936
0.34301	0.52108	0.76871
-0.17729	-0.68983	0.6876
0.6609	-0.71764	0.16824
0.15882	-0.82248	0.52764
0.43328	0.89011	0.0085439
0.33177	-0.082782	0.92907
-0.7921	0.17039	0.56889
-0.61164	-0.43177	0.64774
0.054954	0.31056	0.93842
-0.17002	0.78941	0.57273
0.63861	0.56545	0.50254
0.86672	0.4536	0.15212
-0.70686	-0.62222	0.30543
0.04693	-1.0061	0.075698
0.54498	-0.065897	0.84779
-0.18386	0.9554	0.27113
-0.41378	0.8808	0.27032
-0.39906	-0.78197	0.49937
-0.025501	0.2219	0.98499
0.069678	0.98548	0.20994
-0.45464	0.77156	0.46702
-0.91888	0.11893	0.40201
-0.42504	0.29618	0.86702
0.96242	0.3048	0.030612
-0.12295	-0.85697	0.52018
-0.80973	-0.50595	0.32932
-0.6373	0.21747	0.75277
0.43002	-0.89009	0.20719
0.19987	0.27275	0.95171
-0.72266	-0.24193	0.66282
-0.57208	0.42918	0.71319
0.73191	0.027778	0.69544
0.35595	-0.83893	0.43542
-0.32935	-0.080888	0.95136
-0.028978	-0.9602	0.31188
-0.084909	-0.005516	1.0064
0.82288	-0.46034	0.36203
0.12536	-0.87884	0.48169
-0.92846	-0.33904	0.20761
0.89588	0.4149	0.21298
-0.9895	0.045259	0.19736
0.66773	-0.58142	0.486
-0.34318	0.50887	0.80211
0.91324	-0.24691	0.35374
-0.62116	0.74285	0.28711
0.27115	-0.97258	0.025691
-0.88151	0.47923	0.11563
0.5441	0.43136	0.73347
0.10284	0.65237	0.76416
-0.71919	-0.68304	0.19056
0.72293	0.27926	0.64768
-0.2673	-0.90797	0.35247
0.0032228	0.91478	0.42809
0.38843	-0.54058	0.7596
0.7687	-0.34673	0.55586
0.84347	-0.11726	0.54305
-0.84618	-0.30726	0.4579
-0.24843	-0.71924	0.66413
0.51967	0.86595	0.013295
-0.58278	-0.8231	0.054632
0.95403	-0.021032	0.33088
-0.49796	0.06586	0.87624
-0.87195	0.34904	0.37146
-0.11916	0.59478	0.80755
-0.64826	0.60131	0.48815
0.47886	-0.67495	0.57899
0.39964	0.79404	0.47946
-0.11459	1.0017	0.059175
0.32052	0.9496	0.12503
-0.69988	-0.46333	0.56178
1.0043	0.068063	0.083103
-0.56628	0.83343	0.069475
-0.1786	-0.98668	0.12112
0.24679	0.91481	0.34973
-0.94351	-0.13659	0.33353
-0.048949	0.78531	0.63324
0.2696	-0.37858	0.89671
0.027371	-0.758	0.66693
-0.26803	0.71478	0.66132
-0.74636	0.67479	0.087729
0.48726	0.84724	0.25469
0.86266	0.12151	0.51104
0.84213	0.34452	0.43843
-0.7021	-0.0069551	0.72602
0.040814	-0.41493	0.91993
-0.2667	0.15	0.96254
-0.38175	-0.30328	0.88453
0.77175	0.57263	0.31079
-0.85793	-0.52725	0.077887
-0.13798	-0.22556	0.97477
0.63482	-0.77779	0.11018
0.91167	-0.40568	0.15613
0.10126	-0.19392	0.98602
0.41212	0.30792	0.86916
0.48601	-0.30834	0.82995
-0.47623	0.62007	0.63939
-0.18327	0.37906	0.91806
-0.9964	-0.14818	0.072937
0.51911	0.61784	0.60736
0.15257	0.036742	0.99773
0.95145	0.19737	0.27548
-0.35615	-0.54106	0.77492
0.29208	0.49545	0.83025
0.59346	-0.45668	0.67775
0.67801	-0.21024	0.71847
-0.53149	-0.80223	0.30668
-0.95858	0.26976	0.16868
0.82816	-0.57764	0.02405
0.6989	0.49547	0.53493
-0.35093	0.94524	0.058942
-0.555	-0.16125	0.8283
0.58501	0.17139	0.80528
0.98747	-0.16481	0.13354
-0.39544	-0.91489	0.1634
-0.50771	-0.61493	0.61983
0.68262	0.72871	0.152
0.20702	-0.95288	0.26319
0.33095	-0.15016	0.94235
-0.78364	0.55644	0.31045
0.15949	-0.58988	0.80418
-0.74263	0.39981	0.55565
-0.84815	-0.068983	0.54405
-0.1907	-0.43251	0.89256
0.56785	-0.75664	0.35374
0.1748	0.81692	0.56762
0.321	0.66772	0.68645
-0.086195	-0.61144	0.79926
0.74936	-0.63367	0.23878
0.26288	-0.73553	0.6403
0.37659	0.082653	0.93351
-0.80165	0.17716	0.58827
-0.55452	-0.39951	0.74364
0.055978	0.45284	0.90106
-0.23349	0.85989	0.47557
0.60732	0.70237	0.39741
0.83825	0.56133	0.048458
-0.64334	-0.6495	0.42938
