-0.042394	-0.94164	0.33393
0.46969	0.61141	0.63685
-0.78935	0.19424	0.58241
0.53596	-0.096367	0.83873
-0.72601	-0.24358	0.6431
0.35613	0.53409	0.76676
-0.018261	-0.68655	0.72686
0.21793	-0.44894	0.86658
0.43175	-0.65114	0.62418
-0.88816	0.3767	0.2632
-0.52781	-0.42809	0.73359
-0.076728	0.99701	0.0086364
0.0043453	-0.96902	0.24696
0.1117	0.96719	0.22819
-0.67657	-0.73349	0.065113
0.31485	-0.12643	0.94068
-0.64656	0.74423	0.16754
0.38435	-0.92309	0.013535
0.78988	0.48146	0.37985
0.42255	0.74327	0.51865
0.16263	-0.70736	0.68789
-0.73034	-0.35987	0.5806
0.62004	0.77815	0.10015
0.56891	-0.82237	0.0077211
0.86605	0.019185	0.4996
0.10073	-0.57709	0.81044
-0.93351	0.27951	0.22456
0.79558	-0.34789	0.49602
0.62115	-0.030205	0.78311
0.54027	-0.30433	0.78454
0.72121	0.52669	0.44995
-0.17381	-0.82582	0.53648
-0.90154	-0.29491	0.31661
-0.284	-0.57273	0.76898
0.46035	-0.26713	0.84659
0.098007	0.047314	0.99406
0.29135	0.95656	0.010081
-0.5413	-0.67437	0.50222
-0.24563	0.050431	0.96805
0.7434	-0.65327	0.14348
-0.041834	0.46485	0.8844
0.17721	-0.98378	0.027722
0.81997	-0.14493	0.55376
-0.93471	-0.1885	0.30131
0.69415	0.70799	0.13001
0.61821	0.50801	0.59979
0.34725	0.80566	0.47992
-0.57487	0.38501	0.72201
-0.382	-0.89716	0.22178
-0.41346	-0.3291	0.84897
0.21929	-0.81121	0.54208
-0.93052	0.088992	0.35527
-0.64706	-0.25634	0.71805
-0.69845	0.67629	0.23408
-0.91536	-0.11886	0.3847
0.21215	0.67824	0.70355
0.86865	-0.18302	0.46039
0.4126	0.36047	0.83656
-0.85451	-0.46036	0.24059
-0.79829	0.43406	0.41753
-0.27738	-0.93765	0.20946
0.43556	0.17488	0.88301
-0.76853	0.61056	0.19125
-0.083936	0.14369	0.98606
-0.40267	0.80352	0.43842
-0.2616	0.96457	0.034205
-0.97926	-0.045512	0.19743
-0.17669	-0.96644	0.1865
0.32904	-0.89648	0.29674
0.34485	0.16433	0.92416
-0.56913	-0.78506	0.24449
-0.73994	0.60258	0.29897
-0.5949	0.17613	0.78426
0.6759	-0.3671	0.63906
-0.17975	0.22294	0.95812
-0.95383	0.27447	0.12199
-0.29752	0.84531	0.44376
-0.60908	-0.1716	0.77432
0.45561	0.89011	0.010665
-0.83451	0.45324	0.3133
0.90404	-0.22495	0.36347
-0.65363	-0.71498	0.24815
-0.26391	-0.78211	0.5645
-0.27678	0.90402	0.32579
-0.458	-0.7405	0.49183
-0.44224	0.18075	0.87849
-0.14535	-0.39237	0.90825
0.76083	-0.10281	0.64076
0.017113	0.96054	0.27761
0.099827	-0.31393	0.94418
0.85061	0.42854	0.30466
0.82647	-0.38551	0.41028
0.50876	0.45012	0.73387
0.36191	0.8502	0.38235
-0.92943	-0.013958	0.36873
0.99133	-0.015221	0.13054
0.59634	-0.53166	0.60144
0.68876	0.3171	0.65196
-0.98925	-0.10357	0.10326
0.18519	0.90328	0.38703
-0.66359	0.22362	0.7139
0.74999	-0.29908	0.58996
0.87049	-0.44068	0.21921
0.54961	-0.74584	0.37637
0.69634	0.47279	0.53998
-0.39676	-0.044106	0.91686
-0.32453	0.43745	0.83864
-0.61182	0.5225	0.59386
0.54202	0.82427	0.16372
0.56029	0.276	0.78096
0.73317	-0.67987	0.015527
-0.98026	0.17382	0.094231
-0.79691	-0.35042	0.49208
0.26197	-0.669	0.69556
0.45201	0.83057	0.32534
-0.77272	0.52241	0.36055
-0.34269	0.66029	0.66827
-0.50329	-0.8622	0.057538
0.99786	0.044266	0.048054
-0.59447	-0.80157	0.063971
0.96453	-0.18628	0.18703
-0.41253	-0.85383	0.31749
0.91244	0.3878	0.13065
0.48427	-0.74031	0.46629
0.8067	0.5195	0.2817
0.33422	0.44536	0.83063
0.55959	0.59483	0.5771
-0.040566	-0.37852	0.9247
0.8178	-0.042949	0.5739
-0.83693	0.2289	0.49715
0.43596	-0.89341	0.10843
-0.5598	-0.25703	0.78775
0.08923	-0.89414	0.4388
-0.2408	-0.96458	0.10774
0.53811	-0.40819	0.73744
0.34081	-0.93377	0.10916
0.86557	0.50078	0.0033702
0.45968	0.88015	0.11846
-0.14911	-0.77319	0.61639
-0.39849	0.48604	0.7778
0.11569	0.98626	0.11791
0.19963	-0.54172	0.81651
0.24171	-0.74452	0.6223
-0.54426	-0.51106	0.66528
0.30694	0.067196	0.94935
-0.90215	-0.36262	0.23375
-0.43105	0.89984	0.06703
0.9143	-0.1218	0.3863
0.42406	0.4503	0.78575
-0.19874	-0.98003	0.0061574
-0.1976	0.57123	0.79665
-0.18468	-0.56618	0.80333
-0.16549	-0.48188	0.86047
0.88058	-0.33008	0.34004
0.75843	-0.20182	0.61972
-0.53819	0.78454	0.30797
0.19074	-0.86991	0.45482
-0.061416	-0.21256	0.97522
0.0014313	-0.60559	0.79577
0.20241	0.9634	0.17579
0.94435	-0.32318	0.061309
-0.35905	-0.79471	0.48941
0.45866	-0.80138	0.38394
-0.082085	-0.55029	0.83093
-0.21575	-0.31014	0.92589
0.52804	-0.50496	0.68278
0.37551	0.9101	0.17523
0.93004	0.14679	0.33688
0.37901	0.61486	0.69159
-0.93549	-0.32459	0.13966
0.29027	0.94916	0.12179
0.15091	-0.39085	0.908
-0.80896	-0.18275	0.55874
-0.26988	-0.83708	0.47589
-0.23431	-0.13431	0.96284
0.49362	0.67284	0.55102
-0.73281	0.15784	0.66188
0.84424	-0.43472	0.31349
-0.77722	-0.60903	0.15818
-0.46672	0.53229	0.70629
-0.2478	-0.89293	0.37587
0.15858	-0.22696	0.96091
0.82699	0.22927	0.51335
0.38972	-0.8979	0.20466
0.47935	-0.87755	0.011368
0.72221	0.21095	0.65872
-0.96282	0.020515	0.26936
0.049393	-0.41528	0.90835
-0.47133	-0.58663	0.65856
0.92961	-0.25422	0.26682
0.85738	0.28779	0.42671
0.37501	0.92461	0.066764
-0.5191	0.12891	0.84494
-0.77735	-0.27504	0.56576
0.53937	0.8399	0.060326
0.02162	-0.51591	0.85637
-0.067987	0.97304	0.22037
0.11745	0.32853	0.93716
-0.69447	-0.16394	0.7006
0.14116	0.42219	0.89545
0.79348	-0.60735	0.038978
0.53277	0.53065	0.65922
0.51856	-0.80344	0.29254
0.40132	0.68505	0.60799
-0.007814	-0.12813	0.99173
-0.8925	0.056142	0.44753
0.94365	-0.28715	0.16455
0.73556	0.37453	0.56452
-0.2664	-0.49069	0.82961
-0.84424	0.021936	0.53552
-0.016232	0.88211	0.47077
-0.17341	-0.21812	0.96039
-0.014619	-0.90707	0.42072
0.61868	-0.1319	0.77449
-0.061006	-0.46491	0.88325
0.15586	-0.038004	0.98705
-0.2457	-0.40321	0.88151
-0.16556	0.98377	0.069157
-0.24267	0.69599	0.6758
0.025365	0.98514	0.16989
0.82064	-0.5253	0.22495
-0.38326	-0.73281	0.56223
-0.12399	0.80315	0.58273
-0.66208	0.01344	0.74931
-0.16997	0.33063	0.92833
0.97443	0.02399	0.22341
0.18958	0.59897	0.77801
-0.93153	0.35878	0.059346
0.67562	0.14057	0.72372
-0.43745	-0.42241	0.79386
0.52848	0.76677	0.36439
-0.54512	-0.5986	0.58696
-0.84747	0.12696	0.51544
0.99839	-0.052173	0.022377
-0.65351	0.32731	0.68249
0.69018	-0.67534	0.25993
-0.58554	0.71744	0.37739
-0.39289	-0.65495	0.6455
0.23299	0.74877	0.62053
-0.6663	0.6635	0.34031
0.26256	-0.88652	0.38097
-0.7289	-0.63756	0.24945
0.95031	-0.052682	0.30681
0.75777	0.65013	0.055828
-0.091716	0.94617	0.31039
-0.38104	0.88398	0.2709
0.9034	0.081466	0.421
0.81856	0.56863	0.081379
0.90601	0.24011	0.34856
-0.98243	0.083292	0.16702
0.20434	0.97677	0.064571
0.88424	0.33443	0.326
0.38093	0.26641	0.88539
-0.95261	-0.085303	0.292
0.43983	0.7916	0.42417
-0.74396	-0.43909	0.50371
0.98725	-0.11853	0.10621
0.41512	-0.72472	0.54996
-0.18649	-0.040414	0.98162
0.97476	0.20803	0.081046
-0.37893	-0.23686	0.8946
-0.18283	0.12634	0.97499
-0.85423	-0.32621	0.40482
-0.068008	-0.98336	0.16848
0.072258	0.84834	0.5245
-0.93892	-0.2594	0.22613
-0.80564	-0.49045	0.33227
0.24014	-0.96439	0.11082
0.35975	-0.020293	0.93283
0.055669	0.78828	0.6128
0.69261	-0.16738	0.70163
0.7819	-0.53767	0.31551
0.69336	-0.066545	0.71752
0.63571	-0.68267	0.36033
-0.20619	0.87807	0.43183
0.42624	-0.85455	0.29675
0.32841	0.75132	0.57241
0.6803	0.65512	0.32864
-0.81676	-0.57323	0.065664
0.57131	-0.79658	0.19765
0.86478	-0.48593	0.12662
0.24699	0.15654	0.95629
-0.70643	-0.68987	0.15824
0.37297	-0.53193	0.76023
-0.042905	-0.75905	0.64962
-0.79402	0.089106	0.60133
-0.068067	0.3698	0.92661
0.10154	0.93707	0.33405
-0.96544	0.25975	0.021509
0.14629	0.14327	0.97881
0.99088	0.13382	0.015985
-0.96227	0.19051	0.19428
-0.61432	-0.52293	0.59089
-0.88569	-0.047575	0.46184
-0.087186	-0.87377	0.47846
0.6469	0.2536	0.71917
-0.18124	0.92024	0.34687
0.16545	0.5129	0.84235
0.46985	-0.16742	0.86672
0.48255	-0.85207	0.20277
0.78861	-0.47386	0.39185
0.65309	-0.75727	0.0038563
-0.72371	-0.055978	0.68784
0.063787	0.4938	0.86723
-0.042772	0.76445	0.64327
0.96581	0.18967	0.17671
-0.30213	-0.95286	0.027852
-0.30084	0.53041	0.79256
0.13526	0.73764	0.6615
0.90401	-0.35048	0.24481
-0.6837	-0.5228	0.50915
-0.8398	-0.52008	0.15575
0.7459	-0.45942	0.48226
-0.40157	0.70312	0.58683
-0.67183	-0.3395	0.65832
0.82956	0.38641	0.40313
0.20794	-0.12916	0.96958
-0.61123	-0.42858	0.66537
-0.96579	-0.22159	0.13469
0.61945	0.75888	0.20093
0.18831	0.24526	0.95099
0.91217	-0.38521	0.13982
-0.027901	0.8298	0.55737
-0.85505	0.36437	0.36895
-0.95779	-0.28453	0.040889
-0.58879	0.28294	0.75714
-0.43517	-0.80173	0.40971
-0.5805	0.61169	0.53746
-0.23012	0.82228	0.52048
-0.75897	0.40195	0.51226
0.20657	0.055543	0.97685
-0.014269	0.2121	0.97714
0.46076	-0.022008	0.88725
0.69005	-0.71751	0.094875
0.4458	0.53651	0.71653
-0.71059	0.36643	0.60066
0.03807	0.40313	0.91435
-0.50241	-0.34095	0.79457
-0.30978	-0.71785	0.62348
0.40789	0.072097	0.91018
0.38709	-0.33347	0.85962
-0.67616	-0.443	0.58869
-0.1249	0.85749	0.49912
0.51772	-0.59402	0.61572
0.94493	-0.15431	0.28861
-0.61608	-0.60142	0.50866
0.26116	-0.21321	0.94146
-0.43779	0.62053	0.6506
-0.74826	-0.51146	0.42251
-0.68267	-0.59422	0.42529
-0.63605	0.42736	0.6425
0.19658	0.93847	0.28395
-0.80576	-0.42297	0.41453
0.54548	0.0033607	0.83811
-0.49386	0.65967	0.56651
-0.78694	-0.01956	0.61672
0.58739	0.44021	0.6791
0.8703	0.48097	0.10603
-0.70293	0.58553	0.40378
-0.092274	0.26814	0.95895
-0.44604	0.73933	0.50442
-0.88696	0.45049	0.10177
-0.98198	-0.18355	0.044976
0.8501	0.122	0.5123
0.28589	0.61021	0.73886
0.31902	-0.7717	0.55019
-0.40645	0.8972	0.17274
-0.48947	0.43812	0.75396
0.1328	-0.9829	0.12756
0.10373	-0.12738	0.98641
0.94422	0.28993	0.15617
-0.1327	-0.91936	0.37035
-0.2162	0.76935	0.60113
-0.43807	0.059862	0.89695
0.26164	-0.035818	0.9645
-0.10076	-0.63128	0.76899
-0.73328	0.49869	0.46218
0.15453	0.80319	0.57533
0.93495	0.24629	0.25535
0.54809	-0.20296	0.81142
0.7321	-0.39435	0.55544
-0.20249	0.94606	0.25292
-0.33896	0.9347	0.10702
0.28675	0.25603	0.92316
0.94838	0.31224	0.05552
-0.4755	-0.24171	0.84586
-0.34436	-0.41215	0.84353
0.023146	0.99788	0.060836
-0.11971	-0.70645	0.69756
-0.62539	0.64272	0.4425
-0.30433	0.92666	0.22064
-0.20778	-0.93417	0.29009
-0.098521	0.906	0.41166
-0.91539	0.36815	0.16288
0.30794	0.68577	0.65947
0.5381	0.80005	0.26525
-0.40381	-0.91367	0.046373
0.76696	0.43223	0.4743
0.17027	0.85894	0.48295
-0.12778	0.042205	0.9909
-0.59072	-0.34423	0.72977
-0.99519	0.082866	0.052164
-0.89408	-0.42317	0.1468
0.31681	0.35329	0.88024
0.46467	-0.37329	0.80295
-0.78857	0.6092	0.083818
0.29294	-0.93414	0.2039
0.71305	-0.61347	0.33942
-0.75075	-0.65733	0.065436
0.36305	-0.84819	0.38571
0.041759	-0.037636	0.99842
0.37718	-0.21247	0.90144
0.45872	0.86009	0.2232
0.6688	-0.46568	0.57952
0.40864	-0.10613	0.9065
-0.38129	-0.57985	0.72
0.3392	-0.70148	0.6268
0.98597	0.097865	0.1352
-0.89226	-0.22242	0.39294
-0.56509	0.7993	0.20443
0.016104	-0.8594	0.51105
0.47268	0.27295	0.8379
-0.90342	0.2888	0.31691
0.68921	-0.26828	0.67307
-0.35423	0.86068	0.36573
-0.029271	-0.99716	0.069402
-0.50001	0.85528	0.13594
-0.84884	0.52711	0.040314
-0.50633	0.33922	0.79281
-0.15317	0.97286	0.17343
-0.45782	-0.50691	0.73037
-0.12004	0.5216	0.84471
0.1115	0.99373	0.0084435
0.75325	-0.00086099	0.65774
0.054459	-0.21423	0.97526
-0.28047	-0.22539	0.93303
-0.73665	0.67598	0.019931
-0.67257	-0.65841	0.33785
0.69033	0.68589	0.23021
-0.4687	-0.66889	0.57698
-0.92396	-0.37933	0.049031
0.68868	0.72454	0.027535
0.80843	0.059152	0.58562
0.90634	0.3539	0.23088
0.03926	0.12984	0.99076
-0.34055	0.04055	0.93935
-0.47832	-0.84598	0.23566
0.65681	-0.73038	0.18748
-0.74307	-0.57771	0.33779
-0.29159	-0.048812	0.9553
-0.83125	-0.082627	0.54973
0.11378	0.66283	0.74007
-0.87449	-0.48085	0.063623
-0.24809	0.38409	0.88934
0.86724	0.45278	0.20708
-0.53107	-0.14985	0.83397
-0.11027	-0.30021	0.94748
-0.36395	-0.49965	0.78606
0.85487	-0.28382	0.43434
-0.52031	0.026483	0.85356
0.060877	-0.73626	0.67395
-0.14663	0.42927	0.89119
0.28025	0.89937	0.33554
0.62162	-0.23622	0.74685
-0.125	-0.12774	0.9839
-0.76463	-0.13341	0.6305
-0.84012	-0.25268	0.47995
0.013537	0.30936	0.95085
0.98783	-0.15548	0.0032639
0.60299	0.17903	0.7774
0.60636	-0.74326	0.28264
0.039294	-0.98717	0.15473
0.72419	-0.54796	0.41867
-0.44467	-0.88458	0.14067
0.21885	0.34239	0.91371
0.58247	0.64906	0.48933
0.35728	-0.62155	0.69715
-0.14091	0.73216	0.6664
-0.80609	0.53472	0.25357
-0.95819	0.11902	0.26019
0.31182	-0.28907	0.9051
0.87143	-0.082519	0.48352
0.39103	-0.79105	0.47046
0.96148	0.12258	0.24603
0.59168	-0.60753	0.52993
-0.87552	0.25913	0.40783
0.61243	0.73134	0.30012
-0.41793	0.38912	0.82093
0.11848	-0.84043	0.5288
-0.30879	0.73814	0.59983
0.071205	-0.99646	0.044689
0.26275	0.52618	0.80877
-0.53947	-0.82822	0.1517
-0.60949	-0.67104	0.42218
0.22556	-0.92957	0.29157
-0.091564	0.60807	0.78858
0.28039	-0.58481	0.76117
0.79011	0.16714	0.58974
0.59951	0.080563	0.7963
-0.44909	0.82654	0.33933
-0.27288	0.61654	0.73853
0.6119	-0.33737	0.71538
-0.021661	0.050922	0.99847
0.2137	-0.31525	0.92464
0.61068	-0.78544	0.10076
0.089745	0.58076	0.80911
-0.821	0.33329	0.46354
-0.014212	0.5544	0.83213
0.68072	0.039338	0.73149
0.60093	0.3506	0.7183
-0.55458	0.48224	0.67815
-0.86444	0.45881	0.20552
0.64446	0.56555	0.5146
-0.73268	0.051633	0.67861
-0.31586	-0.32123	0.89277
0.29642	-0.49242	0.81833
-0.34087	0.3377	0.87736
0.91192	0.40937	0.028652
-0.5401	0.69374	0.47646
-0.92753	0.19381	0.31956
-0.11031	-0.95852	0.26281
0.52408	0.17918	0.8326
0.088274	0.23014	0.96915
0.11812	-0.48628	0.86578
-0.64981	-0.085081	0.75532
0.80045	0.333	0.49839
-0.36469	0.13265	0.92163
0.082504	-0.66054	0.74624
0.52604	-0.84387	0.10565
0.65197	-0.61808	0.43923
-0.52791	-0.74109	0.41485
0.60588	-0.43931	0.66326
-0.59356	-0.73239	0.33359
0.012763	0.63883	0.76924
-0.13496	-0.98697	0.087644
-0.43554	-0.15016	0.88756
0.03611	0.7177	0.69542
0.85209	-0.52228	0.034151
0.0020433	-0.29738	0.95476
0.37132	0.8851	0.28056
0.19082	-0.96016	0.20416
0.74468	0.10168	0.65963
0.084198	0.89824	0.43136
0.57189	-0.68217	0.45563
0.038404	-0.80252	0.59539
-0.4321	0.28751	0.85477
-0.26189	0.27675	0.92457
-0.66469	0.74462	0.061126
0.15746	-0.91941	0.36041
-0.48461	-0.062406	0.8725
0.94446	0.045538	0.32544
0.29161	-0.38605	0.87517
-0.47686	0.84592	0.23879
-0.22489	0.48134	0.8472
-0.86778	-0.15104	0.47344
-0.50494	-0.7983	0.32827
-0.31604	-0.8999	0.3005
-0.96748	-0.14906	0.20436
-0.067105	-0.82071	0.56739
-0.24768	0.95835	0.14219
0.88229	0.18214	0.43404
-0.066134	0.99139	0.11301
-0.58587	0.80431	0.099224
-0.35247	0.23552	0.9057
-0.85874	-0.39622	0.32491
-0.16823	0.65458	0.73704
0.80754	-0.57459	0.13313
-0.8923	0.16059	0.42191
-0.34132	-0.13759	0.92982
0.18253	-0.62804	0.75647
0.061109	-0.93777	0.34183
0.28769	0.92956	0.23055
-0.33917	0.78439	0.51933
0.23982	0.43596	0.86743
0.25141	0.80957	0.53047
-0.49789	0.76413	0.41013
-0.20149	-0.64534	0.73684
-0.29916	-0.64802	0.70041
0.28381	-0.95874	0.016289
-0.52791	0.57401	0.62596
0.97424	-0.083714	0.20941
0.14123	-0.77828	0.61183
-0.17991	-0.87632	0.44687
-0.21853	-0.71886	0.65991
-0.34263	-0.93068	0.12823
-0.66765	0.1188	0.73493
-0.99358	0.00042829	0.11311
-0.83136	0.53636	0.14547
0.81845	0.54468	0.18291
0.37696	-0.43198	0.81933
0.76053	0.62988	0.15761
-0.62699	-0.763	0.15723
0.73982	0.5714	0.35521
0.51359	0.72431	0.46
0.4555	-0.4715	0.75512
-0.72117	0.68103	0.12692
-0.59621	0.066897	0.80004
0.1077	-0.96139	0.25323
-0.57816	-0.051182	0.81432
-0.7774	0.29965	0.55304
-0.72496	0.26315	0.63654
-0.79576	-0.55281	0.24732
0.66511	0.61478	0.42388
0.60002	0.6947	0.39669
0.26805	0.8593	0.43561
-0.51904	0.85424	0.029562
0.29281	-0.83386	0.46791
0.90391	-0.42544	0.044216
-0.68905	0.4652	0.5557
-0.99963	-0.02255	0.01543
-0.66047	0.55809	0.50231
-0.37289	0.57649	0.72705
0.50634	-0.66987	0.54303
0.66338	0.41054	0.62561
0.50632	0.36327	0.7821
-0.27446	0.16411	0.94749
0.81332	-0.24546	0.52751
-0.3426	-0.85133	0.39731
0.75302	0.60569	0.2571
0.75876	-0.608	0.23371
-0.069391	-0.04336	0.99665
-0.62145	0.73433	0.27306
0.6712	-0.53824	0.50969
-0.064314	0.68916	0.72175
0.49919	0.086653	0.86215
0.91343	-0.020853	0.40647
0.76283	0.27435	0.5855
0.44654	-0.56645	0.69263
0.9714	-0.2219	0.084474
-0.51756	0.23618	0.82241
-0.0018027	0.92744	0.37397
0.12987	0.48052	0.82087
0.60591	0.69705	0.26192
-0.41153	0.76387	0.41078
-0.14181	-0.63314	0.70754
-0.034884	0.82215	0.49442
-0.82822	-0.47967	0.074539
0.32415	-0.24787	0.86896
0.098346	-0.82086	0.48797
0.84816	0.4394	0.095636
0.78307	-0.55244	0.056588
0.2857	-0.87068	0.28618
-0.39427	-0.58276	0.6531
-0.3128	-0.7888	0.44895
-0.028826	-0.20291	0.93787
-0.50408	-0.75064	0.32256
-0.79381	-0.2021	0.50062
0.17815	0.94117	0.063718
0.94972	-0.13461	0.038836
-0.50485	0.43908	0.68843
0.17446	0.12676	0.93547
-0.61561	0.35214	0.64702
-0.8863	-0.36888	0.0011783
0.89686	-0.14393	0.31068
0.47177	-0.53859	0.6395
0.62027	-0.70767	0.18991
-0.51126	-0.5021	0.63883
0.76665	0.19621	0.54347
0.058952	0.76823	0.57266
0.31708	0.9008	0.098135
0.038007	0.081768	0.95576
0.84148	0.18886	0.42172
-0.27615	0.81868	0.41845
-0.7001	-0.43625	0.49107
0.66887	-0.54256	0.42408
-0.34282	0.89571	0.042095
-0.37571	-0.068215	0.88079
0.012445	0.56788	0.77392
-0.85631	-0.094569	0.42354
0.72095	0.51742	0.36621
-0.76236	0.40969	0.4154
0.56817	0.19926	0.74772
-0.66038	0.68712	0.1156
-0.3756	0.53367	0.70407
-0.59995	-0.53207	0.52779
0.75597	-0.30964	0.50422
-0.82682	0.39467	0.28672
-0.27861	-0.54532	0.73932
0.95849	0.013553	0.052065
0.94384	0.16339	0.063852
-0.75897	0.074438	0.58311
0.65056	-0.63413	0.31023
-0.0095111	-0.92503	0.25656
0.28933	0.61357	0.67928
-0.26937	-0.16138	0.90719
-0.13899	-0.11102	0.94337
-0.69633	-0.041841	0.65953
-0.44738	0.67473	0.51593
-0.71406	-0.3095	0.56207
-0.83132	0.2846	0.38667
0.79527	0.48502	0.23218
0.62638	0.53599	0.49189
-0.61385	-0.14642	0.72342
-0.93959	-0.13389	0.14438
0.18674	0.77497	0.53492
0.8798	-0.27069	0.27255
-0.10707	0.035387	0.95335
0.14609	-0.018504	0.94864
0.75213	-0.1867	0.56661
-0.842	0.45856	0.048619
0.24256	0.38933	0.84332
-0.47371	0.02608	0.83458
0.91618	-0.0065679	0.28667
0.57842	-0.5465	0.537
0.22889	-0.46284	0.80931
0.15114	0.59187	0.74057
-0.83966	0.039221	0.46372
0.22071	-0.32945	0.87427
-0.036653	0.31795	0.90508
-0.40686	-0.34057	0.80005
-0.58541	0.48966	0.58234
-0.17348	0.79475	0.50978
0.9422	-0.070831	0.16984
-0.6189	-0.40966	0.60889
0.43414	-0.17472	0.83821
-0.20832	0.12541	0.9287
0.2284	-0.91839	0.16125
-0.75964	0.58101	0.083463
0.54089	-0.72946	0.31133
-0.44301	-0.72709	0.44349
0.86275	0.27521	0.31863
-0.52006	-0.37839	0.71271
-0.94999	0.10711	0.087446
-0.020265	-0.58626	0.75993
-0.53456	0.69534	0.39033
-0.67063	-0.66769	0.16138
0.62539	0.62173	0.37938
0.56666	-0.64534	0.429
-0.80692	0.17136	0.49103
-0.4919	-0.61788	0.54576
0.045843	-0.8803	0.38023
-0.48779	-0.82303	0.079296
-0.011529	-0.69411	0.66308
0.70822	-0.059666	0.64534
-0.7844	-0.066076	0.54949
0.83399	-0.16877	0.4445
0.3555	-0.50745	0.73329
-0.93922	-0.0012471	0.19864
-0.92256	0.2374	0.11883
0.010833	0.87998	0.38355
-0.47503	0.56809	0.61091
-0.11692	-0.73836	0.60229
-0.47062	0.83637	0.02458
-0.15702	-0.39093	0.86262
0.45167	-0.73216	0.42606
0.64842	0.072388	0.70421
-0.6232	-0.28081	0.67407
-0.14445	0.40599	0.85785
-0.4285	0.84383	0.16105
0.71427	0.42944	0.47645
-0.7379	-0.61367	0.02259
0.35498	-0.62024	0.64101
-0.31559	0.73949	0.52456
-0.54889	0.77453	0.14293
-0.50124	-0.11197	0.81106
0.70859	0.5972	0.25071
0.41826	-0.80905	0.30347
0.48828	-0.05178	0.82493
0.30466	0.70769	0.57267
-0.71232	-0.17751	0.61862
-0.39755	-0.20679	0.849
0.11282	-0.64272	0.70412
-0.24074	0.59656	0.71257
-0.92246	0.13321	0.23007
-0.90395	0.32301	0.011762
-0.37165	-0.68831	0.55651
0.22707	-0.77601	0.51755
0.91326	0.21678	0.2014
0.50228	-0.79619	0.18816
-0.24491	-0.017263	0.92807
0.22985	-0.68884	0.6279
0.31334	-0.90615	0.048013
-0.1721	0.26857	0.90546
0.34486	-0.086369	0.89175
0.37735	0.41302	0.78014
-0.60959	-0.73873	0.065305
-0.068424	0.17688	0.94108
0.41691	0.62761	0.59488
0.91694	-0.28152	0.039456
-0.087625	-0.87888	0.37615
-0.1565	-0.25664	0.91172
-0.003755	-0.055336	0.9584
0.34814	0.86213	0.23901
-0.34823	0.64349	0.6215
-0.76202	-0.45653	0.36401
0.56966	0.75969	0.14126
0.37109	-0.86771	0.17601
0.77095	0.56031	0.11529
-0.027549	-0.33847	0.89793
0.10511	-0.27526	0.91366
0.13009	0.84493	0.43678
-0.87489	0.15329	0.36423
-0.05865	0.95166	0.11184
-0.030386	-0.80809	0.51737
0.8005	0.40217	0.34504
0.033905	0.67434	0.68243
0.74631	0.069053	0.59987
-0.24193	-0.74346	0.55708
-0.58843	0.75848	0.0071857
-0.21312	0.70197	0.6192
-0.12777	0.87018	0.38479
0.50351	0.42771	0.69652
-0.62092	-0.66845	0.29873
0.68731	-0.66703	0.065451
-0.74468	0.51342	0.32164
0.21053	0.26199	0.89924
0.81063	-0.48405	0.17371
-0.90052	-0.24558	0.22439
-0.10431	0.64017	0.70774
0.23711	-0.58104	0.72648
0.67766	0.66734	0.1305
-0.16188	-0.81978	0.47261
0.34787	0.28969	0.84656
0.5153	0.7175	0.37585
-0.30561	0.21297	0.88478
-0.71192	0.60506	0.22064
-0.66653	0.095157	0.68432
0.67457	-0.43571	0.52604
0.24369	0.86432	0.33936
-0.21466	-0.92878	0.11354
0.46946	-0.64047	0.53945
0.82923	0.070906	0.47848
-0.56235	-0.65059	0.42672
0.52159	0.5355	0.60231
-0.85739	-0.22537	0.36836
-0.40153	0.29432	0.82082
0.90726	0.30256	0.083313
-0.15555	0.92418	0.20807
0.40351	0.050615	0.86961
0.19597	-0.85449	0.3912
-0.51484	0.30376	0.75118
-0.87349	0.36842	0.15128
0.39145	0.80063	0.35688
0.21795	0.9133	0.19997
-0.75755	0.29761	0.50907
0.85977	-0.42492	0.0429
0.45359	-0.30148	0.79055
0.35136	-0.71586	0.5345
0.26833	0.50742	0.76949
0.13891	-0.91027	0.2715
-0.39442	0.41741	0.76929
0.45023	-0.84561	0.062024
0.93978	0.081059	0.17847
0.69978	0.32042	0.57379
-0.89968	0.018941	0.3344
-0.44327	0.16867	0.83467
0.099406	-0.40956	0.86254
-0.49221	0.77539	0.27947
0.10601	-0.53192	0.7921
0.82607	-0.29291	0.39168
0.578	-0.43584	0.63053
0.7239	-0.60272	0.18521
-0.29602	-0.88478	0.22612
-0.75932	-0.56885	0.14639
-0.26166	0.48074	0.78869
0.074187	0.94304	0.16363
0.89674	0.12131	0.32055
-0.26397	-0.65136	0.65395
0.55226	-0.18355	0.76349
-0.15378	-0.51742	0.79387
-0.68322	0.3997	0.54319
0.92369	-0.20545	0.16182
0.57487	-0.76597	0.066433
0.17102	0.68987	0.64531
-0.60753	0.69862	0.25383
0.65804	-0.18869	0.67303
-0.84166	-0.34957	0.30167
-0.66616	-0.55848	0.40734
0.41313	0.72216	0.47897
-0.78713	-0.33236	0.43767
-0.80947	-0.4635	0.22699
-0.077901	0.73878	0.60806
-0.35423	-0.88714	0.095418
-0.55419	0.13376	0.77239
0.34417	-0.38441	0.80955
0.10135	-0.14561	0.94346
0.012829	-0.95976	0.017368
-0.008527	0.44919	0.84838
-0.072391	-0.94844	0.12968
-0.61578	0.22867	0.70009
-0.2754	0.35459	0.84854
0.66971	-0.31631	0.61077
-0.40441	-0.46617	0.73535
-0.90849	-0.1161	0.28771
-0.36813	0.83595	0.29542
0.8686	-0.033653	0.40743
-0.51684	-0.24761	0.77017
0.78618	0.3134	0.4531
-0.028474	-0.46787	0.83779
-0.80226	0.49328	0.18617
0.79604	-0.057497	0.53349
0.16492	-0.94509	0.034795
0.40074	0.52598	0.69596
-0.37657	-0.81831	0.33191
0.47733	0.30965	0.77322
-0.20385	0.93534	0.072009
-0.28374	-0.4273	0.81148
0.46798	-0.42348	0.72337
-0.56526	0.60035	0.49159
0.04287	0.95891	0.015935
0.53494	0.073565	0.79374
0.44133	0.84233	0.13151
0.59658	0.32061	0.68037
-0.71918	-0.57095	0.27998
-0.28383	-0.29907	0.86695
-0.29851	0.89526	0.17605
-0.23392	0.87981	0.30464
0.82236	-0.40273	0.28833
-0.15308	-0.91505	0.24669
0.23009	-0.1588	0.91839
0.86476	0.36033	0.20964
-0.95817	-0.020255	0.055745
-0.59123	-0.008007	0.7563
0.6284	0.72574	0.0042613
0.095481	-0.74446	0.59855
0.56921	-0.31313	0.70679
0.75601	-0.42513	0.41148
0.8785	-0.35315	0.15852
0.48589	0.78797	0.25419
0.67585	0.19922	0.65203
-0.67094	0.51345	0.45586
-0.71188	0.21857	0.60585
0.078539	-0.94562	0.14573
0.069501	0.22385	0.93095
-0.55746	-0.75677	0.19529
-0.92351	-0.25213	0.071898
-0.12593	0.52907	0.79109
0.2895	0.79731	0.44954
0.60607	-0.055523	0.74243
0.10245	0.35716	0.88518
0.27021	0.018944	0.92099
-0.2334	-0.86183	0.35266
0.32757	-0.80164	0.41434
-0.43327	-0.83114	0.20756
0.74507	-0.52443	0.3024
-0.87557	-0.36391	0.15014
0.61712	0.43357	0.59395
0.1154	0.90598	0.29577
0.52538	0.63414	0.4934
0.5207	0.80632	0.017777
-0.033944	0.92285	0.26228
0.31168	0.15859	0.89404
-0.34713	0.07481	0.89191
-0.88599	0.26584	0.25679
0.44446	0.18271	0.83107
-0.64611	0.61257	0.35902
0.11751	0.65196	0.80171
0.58676	0.84614	0.14616
-0.4939	-0.91059	0.092112
-0.5112	0.83637	0.3475
-0.058729	-0.58207	0.85985
-0.10873	0.94986	0.40933
-0.83765	-0.58526	0.19342
0.40738	-0.098457	0.95181
0.21239	-0.79157	0.64024
0.90544	-0.50114	0.10308
0.41234	-0.85652	0.42184
-0.33812	-0.5624	0.80683
-0.23541	-0.80531	0.61454
0.024737	-0.075954	1.0369
-0.45017	-0.80346	0.48311
-0.81525	-0.22017	0.60703
1.0391	-0.040777	0.013378
-0.56656	0.52262	0.69819
0.20798	0.29638	0.97494
-0.67797	0.41214	0.67238
-0.91485	-0.48414	0.10124
0.99298	-0.014493	0.30883
0.5896	-0.42889	0.74164
0.75166	-0.66307	0.27737
-0.4734	-0.49042	0.78548
0.82428	0.37098	0.51432
0.0010221	0.91386	0.49645
0.066572	0.23752	1.0103
0.9013	0.35213	0.38112
-0.37101	0.90988	0.34068
-0.6893	-0.46203	0.62689
0.7946	-0.44598	0.50131
-0.3656	0.023677	0.97333
-0.020137	0.72604	0.74435
-0.897	-0.12356	0.51159
0.73389	0.6821	0.27883
-0.85066	0.42313	0.42302
0.6175	0.38524	0.74289
-0.78163	0.68381	0.055193
-0.437	0.63919	0.69431
-0.56971	-0.54848	0.67543
0.86611	-0.17615	0.54811
-0.92311	0.38081	0.29061
-0.21447	-0.49743	0.88779
-0.63238	-0.82141	0.083551
1.033	0.12033	0.0050539
-0.80467	0.091248	0.65252
0.78068	-0.56305	0.39385
0.099123	-0.94923	0.41319
0.26979	0.7886	0.62203
-0.24	-0.060888	1.0101
-0.10369	0.011732	1.0348
-0.72184	-0.014791	0.74855
0.75951	-0.7103	0.01515
-0.53638	0.75365	0.4753
-0.71549	-0.31728	0.68484
-1.01	-0.24122	0.056944
-0.91244	0.27815	0.41436
0.81263	0.63456	0.13622
0.63454	0.71151	0.41559
-0.61937	-0.10823	0.82841
-0.99253	-0.21679	0.22245
0.1366	0.92833	0.44849
0.98694	-0.1574	0.28769
-0.084792	0.17282	1.022
0.1936	0.14042	1.0121
0.85092	-0.035751	0.59687
-0.95497	0.41101	0.026657
0.24959	0.56955	0.83362
-0.48305	0.10726	0.91475
0.99806	0.13045	0.26166
0.70165	-0.44213	0.62753
0.32587	-0.34682	0.92473
0.12549	0.76071	0.69798
-0.89209	0.027129	0.53389
0.30497	-0.1953	0.97491
-0.04125	0.47428	0.92464
-0.37259	-0.28263	0.92892
-0.66266	0.55214	0.58106
-0.25451	0.90881	0.43691
1.0288	0.046609	0.14468
-0.60044	-0.40732	0.74509
0.51685	-0.013847	0.90237
-0.2045	0.25482	0.98735
0.35127	-0.93244	0.29794
-0.87824	0.55548	0.041586
0.67288	-0.67585	0.4148
-0.38257	-0.75356	0.60612
0.91116	0.4307	0.25669
-0.49361	-0.34794	0.84669
-0.96954	-0.37628	0.0001122
-1.0319	0.030718	0.12609
0.06903	-0.51158	0.90284
-0.63706	0.74751	0.34204
-0.64439	-0.75659	0.30647
0.62014	0.78571	0.28228
0.69579	-0.56539	0.52708
-0.87014	0.17573	0.54183
-0.44337	-0.62631	0.70197
0.15838	-0.87689	0.53627
-0.43356	-0.91632	0.23232
0.08662	-0.64066	0.81464
0.79271	0.10744	0.66458
-0.81807	-0.066507	0.63869
0.93276	-0.026939	0.45916
0.46436	-0.39315	0.84345
-1.0045	-0.066833	0.26085
-1.0153	0.17743	0.13893
-0.069733	0.99929	0.27955
-0.55121	0.65152	0.59438
-0.02432	-0.70798	0.76143
-0.095732	-0.3013	0.99078
-0.75131	-0.71911	0.0039562
0.5812	-0.67028	0.54271
0.71612	0.25133	0.71106
-0.61667	-0.26021	0.79599
-0.16861	0.55003	0.86639
-0.54715	0.88176	0.068791
0.7402	0.60436	0.41044
-0.72772	-0.72704	0.15309
0.47267	-0.52775	0.76136
-0.4011	0.83756	0.46821
-0.67	0.7927	0.065802
-0.49862	-0.046538	0.91149
0.70778	0.74832	0.14379
0.5491	-0.77455	0.42445
0.56138	0.1209	0.86708
0.27227	0.87432	0.49297
0.049688	-1.0387	0.012796
-0.72586	-0.16753	0.72571
-0.37527	-0.13136	0.961
0.21651	-0.56682	0.84465
-0.29821	0.7214	0.6872
0.2025	-1.0194	0.036724
-0.99989	0.083231	0.27367
-1.0084	0.25432	0.010482
0.36348	-0.97349	0.042397
-0.30581	-0.68757	0.71786
0.34728	-0.72602	0.65871
0.96767	0.35554	0.13716
0.63407	-0.76989	0.29467
-0.2285	0.098669	1.0098
0.34482	-0.61578	0.76388
0.43737	-0.92804	0.17043
-0.18181	0.40779	0.93928
0.41303	0.07956	0.95114
0.38997	0.59893	0.75552
-0.57442	-0.84092	0.21097
-0.05891	0.32595	0.98584
0.40268	0.8037	0.52299
1.0197	-0.20087	0.03758
0.51509	-0.90274	0.036544
0.014289	-0.88963	0.53847
-0.10793	-0.15036	1.0234
0.036515	0.087294	1.0357
0.29037	0.99255	0.11013
-0.42237	0.74658	0.58806
-0.75839	-0.50946	0.49688
0.53658	0.89084	0.0093445
0.50004	-0.8615	0.29896
-0.34745	-0.97381	0.11211
0.77407	0.69457	0.0009557
0.039344	-0.22667	1.0142
0.17599	-0.14323	1.0149
0.06446	0.9822	0.33576
-0.94598	0.13007	0.41206
0.073385	-0.78659	0.67639
0.83131	0.56393	0.26926
-0.01184	0.82787	0.62935
0.81818	0.24179	0.59475
-0.16008	-0.73311	0.72009
-0.28323	0.82247	0.57002
-0.21795	0.97486	0.28939
0.52127	0.61469	0.65729
-0.5858	-0.73129	0.45127
0.81499	-0.6319	0.13451
-0.84621	0.52132	0.30618
0.23088	0.43889	0.91415
0.93195	-0.40738	0.21704
-0.93547	-0.31978	0.32286
-0.15613	0.78116	0.66859
0.34453	-0.48485	0.85312
0.66253	0.80163	0.0060734
-0.068622	-0.81934	0.63684
0.37394	0.47442	0.84658
0.49104	0.87617	0.26983
-0.32038	0.33164	0.93219
-0.82448	0.60703	0.18261
0.6401	-0.81917	0.028937
-0.70367	0.13831	0.75321
-0.83739	-0.61456	0.051912
0.79285	-0.31571	0.5944
0.18123	0.99959	0.22267
-0.12664	-0.99609	0.27088
0.59453	-0.55321	0.64969
0.90293	0.23365	0.46014
-0.52002	-0.68665	0.58283
0.52569	0.71719	0.53935
-0.886	-0.27175	0.47197
-0.038442	-1.0295	0.14258
-0.43481	0.3989	0.8564
-0.26009	1.0026	0.09334
0.4606	0.2284	0.90404
0.31771	-0.83233	0.53655
-0.56042	0.38674	0.78611
-0.97543	0.32728	0.15172
0.34794	0.94936	0.24343
0.14317	1.0279	0.067296
-0.82996	0.31831	0.53985
0.97378	-0.35926	0.065525
0.54981	-0.15448	0.86916
0.47528	-0.64651	0.66161
0.26192	0.68695	0.7356
0.25795	-0.91603	0.41946
-0.44234	0.52314	0.78247
0.57879	-0.84728	0.16948
1.0101	0.20984	0.13144
0.7399	0.5014	0.53174
-0.95922	-0.020453	0.40135
-0.46568	0.2626	0.89207
0.18253	-0.29501	0.98043
-0.6041	0.82032	0.20915
0.20035	-0.43575	0.92281
0.93576	-0.16837	0.42142
0.6926	-0.30972	0.71132
0.85177	-0.54117	0.25144
-0.21499	-0.94019	0.38913
-0.75118	-0.66243	0.28021
-0.30547	0.60727	0.78709
-0.016239	1.0394	0.031222
0.9645	0.27017	0.27993
-0.1903	-0.62221	0.81132
0.64236	-0.02265	0.8176
-0.081029	-0.44653	0.93576
-0.75971	0.44011	0.55745
1.0232	-0.10023	0.15707
0.70461	-0.74885	0.15601
0.13286	0.85277	0.58028
-0.72095	0.72266	0.19895
0.75362	-0.03118	0.71602
-0.85802	-0.41296	0.41818
-0.64253	-0.60188	0.55362
0.38419	0.88649	0.38487
-0.79623	-0.36819	0.55862
-0.8137	-0.54273	0.35346
-0.14195	0.87386	0.54573
-0.28216	-0.96866	0.25235
-0.58364	0.20448	0.83615
0.44159	-0.25128	0.90745
0.15897	-0.00063926	1.0278
0.11832	-1.0207	0.16084
-0.027199	0.60859	0.8429
0.029339	-1.0001	0.28387
-0.66288	0.28844	0.74766
-0.30446	0.48036	0.87072
0.77775	-0.17577	0.66769
-0.3587	-0.42637	0.87815
-0.95578	-0.17267	0.37186
-0.4764	0.90009	0.21092
0.95409	0.11517	0.39755
-0.50222	-0.1992	0.88865
0.82938	0.48425	0.39903
0.050182	-0.37411	0.96908
-0.91095	0.4732	0.1669
0.88305	0.1016	0.53991
0.28121	-0.98679	0.16961
0.3999	0.70902	0.64728
-0.30514	-0.86125	0.49673
0.50861	0.49772	0.75841
-0.23016	-0.3609	0.94783
0.57609	-0.29354	0.81459
-0.6562	0.65847	0.46627
0.59696	0.25471	0.81262
0.63254	0.50738	0.65119
-0.70289	-0.64011	0.42166
-0.24213	-0.21551	0.98819
-0.41213	0.95224	0.070592
-0.33624	0.96203	0.20745
-0.1932	-1.0137	0.12882
0.93992	-0.30181	0.32719
-0.056984	-0.95475	0.40842
0.2982	-0.0054103	0.99632
0.90018	0.50509	0.12709
-1.028	-0.11094	0.11148
-0.60879	0.046881	0.84189
0.20502	-0.69337	0.74753
0.6726	-0.16794	0.77525
0.87531	-0.31365	0.46589
0.99035	-0.26302	0.17782
0.44735	0.92977	0.13044
0.73006	0.38154	0.63486
-0.76194	0.54944	0.44629
-0.76871	0.25342	0.65304
0.19221	-0.97919	0.29299
0.084228	0.38863	0.96097
-0.5116	-0.83494	0.35033
-0.96502	-0.35247	0.16155
-0.16439	0.6731	0.77557
0.2418	0.9496	0.34842
0.68571	0.1163	0.77322
0.10364	0.5273	0.8904
0.32227	0.18885	0.97061
-0.14545	-0.88992	0.51816
0.4546	-0.75892	0.54679
-0.36932	-0.89978	0.36823
0.87033	-0.43748	0.36432
-0.89846	-0.45493	0.25962
0.63933	0.61685	0.5407
0.036941	1.0243	0.17627
0.51516	0.8062	0.40773
-0.12699	1.0219	0.14546
0.35086	0.33803	0.91882
-0.34989	0.18099	0.96251
-0.974	0.23265	0.28071
0.48902	0.36771	0.84098
-0.74941	0.64296	0.32647
