0.85481	0.39622	0.33512
0.79633	0.37562	0.47409
-0.33771	0.93505	0.10788
0.55459	-0.32261	0.76704
0.80304	-0.50588	0.31497
0.99936	0.035357	0.0059091
-0.94854	-0.22308	0.22472
-0.14187	-0.2224	0.96458
-0.70624	-0.097243	0.70127
0.17318	-0.71468	0.67768
0.44206	0.31833	0.8386
0.086235	-0.97019	0.22648
0.025623	0.75599	0.65409
0.82389	-0.30946	0.4748
0.2156	0.96623	0.14114
0.8076	0.23234	0.54203
-0.26773	-0.96257	0.042206
-0.23295	0.16897	0.9577
-0.95717	-0.27875	0.078198
-0.86495	-0.084402	0.49472
0.3534	0.72314	0.59345
0.93033	-0.3581	0.079003
0.87465	0.47638	0.089693
0.73131	-0.62061	0.28288
0.91898	0.27217	0.28532
0.72851	0.026103	0.68454
-0.57986	0.26341	0.77096
0.79637	-0.07602	0.60001
-0.98481	-0.1392	0.1038
0.72635	0.33725	0.59889
-0.27805	-0.42502	0.86142
-0.47614	0.87028	0.1261
0.29628	0.1226	0.9472
-0.76265	0.28315	0.58154
0.77435	0.50238	0.38471
0.0078552	0.95191	0.30628
0.20013	0.58751	0.78408
0.92313	-0.10974	0.3685
-0.1549	-0.36581	0.91771
0.36434	0.92422	0.11437
-0.54447	-0.35026	0.76214
0.94161	0.33224	0.054592
0.70499	-0.1277	0.69762
-0.32011	0.80681	0.49657
0.1045	-0.79818	0.59329
0.38807	0.84746	0.36223
-0.51751	0.76257	0.38816
0.44985	0.75727	0.47347
-0.50146	0.82535	0.25948
0.15225	0.058896	0.98659
0.047733	-0.92954	0.36561
-0.38362	-0.18739	0.90428
0.42946	0.17558	0.88585
0.19744	0.46618	0.86237
-0.9821	0.13535	0.13097
0.50113	0.86066	0.09014
-0.96315	0.064674	0.26107
-0.58721	0.66477	0.4618
0.098504	0.90746	0.40842
-0.51662	-0.48209	0.70759
0.72918	-0.36538	0.57861
0.80338	-0.57146	0.16735
0.32633	0.52993	0.78274
-0.77435	-0.4942	0.39516
-0.68997	0.72056	0.068795
-0.61093	-0.026614	0.79123
0.060835	0.98353	0.17022
0.85611	-0.16946	0.48822
0.14736	-0.87298	0.46497
-0.06051	-0.96164	0.26756
-0.34751	0.2513	0.90338
-0.91332	0.40205	0.06485
-0.47963	0.1887	0.85694
-0.2506	0.021645	0.96785
-0.40723	-0.45944	0.78935
0.87399	-0.44415	0.19713
-0.96552	-0.080645	0.24753
-0.54491	0.40115	0.73631
-0.49525	0.045332	0.86757
-0.58273	-0.72377	0.36957
-0.70663	0.054397	0.70548
-0.84971	-0.50172	0.16209
-0.091696	0.97559	0.19954
0.27523	0.66663	0.69272
0.64901	0.27951	0.70757
0.12628	-0.98866	0.081262
-0.40728	-0.90979	0.080017
0.21579	-0.51288	0.83089
0.061197	0.42253	0.90428
-0.49865	-0.24346	0.83191
0.19246	0.76238	0.61785
-0.91272	-0.36122	0.19095
-0.60273	0.78063	0.16532
-0.81721	-0.36608	0.44515
-0.27979	-0.66928	0.68832
-0.84776	0.21662	0.48413
-0.45264	0.32924	0.82869
0.4818	-0.87375	0.06663
0.30924	0.91794	0.2485
-0.78467	-0.15848	0.59931
-0.36099	-0.80685	0.46763
0.85998	-0.38089	0.33964
-0.82932	-0.55803	0.028947
-0.015766	-0.15152	0.98833
0.27378	-0.019496	0.96159
-0.027855	-0.78447	0.61954
-0.34137	-0.88048	0.32897
0.247	-0.16037	0.95565
0.73037	0.68249	0.027669
0.49465	-0.46076	0.7369
0.87053	-0.48911	0.054278
0.90037	-0.24811	0.35745
0.9711	-0.21734	0.098588
0.48057	-0.21939	0.84907
0.77121	-0.22454	0.59567
0.12101	-0.62514	0.77108
-0.043269	0.89341	0.44715
-0.94461	0.21582	0.24724
0.57067	0.68517	0.45263
0.96915	-0.018862	0.24574
0.40692	0.60249	0.6866
-0.56776	-0.78755	0.23959
0.37736	-0.77247	0.51078
0.92788	0.033361	0.37137
0.55172	0.3734	0.74577
0.99102	-0.069191	0.11444
-0.57381	0.81858	0.025879
-0.60555	-0.17834	0.77557
-0.15109	0.59515	0.78928
-0.9149	0.14275	0.37761
-0.38391	0.60097	0.70103
0.57633	0.79137	0.20391
0.70711	-0.56585	0.42404
-0.3787	-0.039859	0.92466
-0.39781	0.83525	0.37961
0.59081	-0.6202	0.51604
-0.54102	-0.83426	0.10632
0.17254	0.2001	0.96446
-0.79473	-0.011119	0.60687
-0.64113	-0.38411	0.66439
0.59989	-0.79986	0.018878
-0.30942	-0.9321	0.18827
0.94812	0.13857	0.28613
-0.58519	-0.64197	0.49541
-0.72336	-0.42242	0.54618
-0.27393	-0.28151	0.91963
0.60418	0.57198	0.55481
0.08122	-0.51245	0.85487
-0.91072	0.35474	0.21154
0.071544	0.55436	0.8292
-0.36452	0.70336	0.61025
-0.60638	-0.51503	0.60585
-0.20614	-0.93092	0.30147
0.27101	-0.61525	0.74029
0.41498	-0.59087	0.69186
-0.47843	-0.7311	0.48641
0.15873	0.94826	0.27498
0.18647	0.84217	0.50594
-0.1506	-0.63368	0.75879
0.70733	0.47836	0.52044
-0.65576	0.55635	0.51034
0.24258	-0.79436	0.55692
-0.78667	0.13735	0.6019
0.6323	0.43542	0.64079
-0.25881	-0.13087	0.95702
-0.95874	0.26715	0.097171
0.63655	0.70338	0.31632
0.45695	-0.86228	0.21833
-0.017794	-0.30839	0.95109
-0.36823	0.10733	0.92352
-0.14945	-0.73427	0.66221
0.98568	0.085136	0.14559
0.053932	0.83696	0.5446
0.047193	0.28529	0.95728
-0.92422	-0.010119	0.38173
-0.27057	0.89234	0.36128
0.48711	0.65474	0.57796
0.50562	-0.73377	0.4538
-0.72265	0.42325	0.54647
0.12024	0.68318	0.72028
0.029127	0.14317	0.98927
0.32365	-0.70082	0.63569
0.1908	-0.92591	0.32602
-0.22753	0.76734	0.59952
-0.78838	0.6046	0.11367
-0.26275	-0.77617	0.57317
0.22823	-0.95667	0.18082
-0.37289	0.89541	0.2433
-0.66095	0.34605	0.66588
0.51845	0.78389	0.34167
0.71094	-0.69076	0.13197
0.64284	0.12641	0.7555
0.69026	0.70233	0.174
-0.13641	-0.83403	0.53459
0.87146	0.26439	0.4131
0.11194	-0.38935	0.91426
-0.23702	-0.86778	0.43678
-0.78351	0.55883	0.27171
-0.089889	0.81394	0.57396
-0.022086	-0.99164	0.12713
-0.84969	-0.22855	0.47517
-0.3192	0.39306	0.86233
-0.44337	-0.86928	0.21859
-0.76178	-0.63449	0.13083
-0.7771	-0.57115	0.26441
-0.11344	0.083867	0.99
0.38514	-0.11534	0.91562
0.3182	0.81061	0.49158
-0.18938	0.45605	0.86957
0.005388	-0.86775	0.49697
-0.7601	0.49774	0.41774
0.77382	-0.44222	0.45348
0.90595	0.37881	0.18909
0.40987	0.030169	0.91164
-0.67989	-0.6917	0.24351
0.35225	-0.25982	0.89912
-0.39838	-0.3372	0.85299
-0.035115	-0.44378	0.89545
-0.016713	0.64515	0.76388
-0.90557	-0.42083	0.053333
-0.85666	0.4871	0.1699
-0.098589	-0.90996	0.4028
-0.043103	0.99703	0.06389
0.35911	-0.92487	0.12517
-0.40076	-0.58453	0.70549
0.0073096	-0.0021364	0.99997
-0.85111	-0.43316	0.29662
0.92549	-0.30894	0.21914
-0.19397	0.9772	0.08634
-0.4659	-0.81026	0.35554
-0.68825	-0.62417	0.36976
0.57968	-0.79989	0.1554
-0.13397	0.93117	0.33908
-0.85239	0.52275	0.012676
0.414	-0.83024	0.37324
-0.86501	0.066368	0.49734
-0.6147	0.48475	0.62222
0.28426	-0.86015	0.4235
-0.62047	0.7233	0.30308
0.26186	-0.96479	0.024674
0.62729	-0.024405	0.7784
0.7934	-0.60818	0.025199
0.5989	-0.17535	0.78139
0.78946	0.59866	0.13549
0.44362	0.45758	0.7706
0.18784	0.33652	0.92275
-0.075485	0.3715	0.92536
0.51218	-0.071048	0.85594
0.54711	-0.54753	0.63315
0.31367	0.26281	0.91244
0.26865	0.96322	0.0060038
-0.2507	0.66254	0.70582
0.8818	0.13405	0.45217
-0.41349	0.46715	0.78153
0.53381	-0.78515	0.31398
-0.15495	-0.50869	0.84689
-0.057888	0.50898	0.85883
-0.28521	0.5368	0.79404
-0.093114	0.22909	0.96894
0.46327	-0.66917	0.58103
0.52561	0.5245	0.6698
0.3284	-0.90291	0.27733
-0.5162	0.62644	0.58405
0.11404	0.99283	0.035703
-0.11581	0.71673	0.68767
0.64403	-0.72325	0.24927
0.74136	0.60893	0.28214
-0.68275	-0.54281	0.48908
-0.89238	-0.29854	0.33842
0.53353	0.077586	0.84221
0.28558	-0.40122	0.87033
-0.03018	-0.58703	0.809
-0.69117	0.20226	0.69382
-0.65765	-0.74502	0.11152
0.32469	0.39886	0.85761
0.66856	-0.4981	0.5522
-0.69405	0.61815	0.36902
0.36083	-0.49901	0.78791
0.96097	0.22889	0.15542
0.44861	0.86411	0.22816
-0.28095	-0.553	0.78438
0.95755	-0.16698	0.23497
-0.91761	-0.15675	0.36527
0.62383	0.77914	0.061425
-0.84436	0.43154	0.31754
0.42639	-0.36526	0.82751
-0.23529	0.94566	0.22444
-0.501	0.53197	0.68264
-0.1697	-0.97166	0.16455
-0.81391	0.36158	0.45476
-0.76075	-0.29461	0.57833
0.62431	-0.67868	0.38683
-0.99269	-0.00046949	0.12065
-0.60133	0.1203	0.78989
0.98345	0.17994	0.021143
0.67005	-0.27586	0.68915
0.21531	-0.29952	0.92948
-0.88815	0.29228	0.35463
-0.38672	-0.70411	0.59555
0.81333	0.081193	0.57611
-0.50094	-0.098598	0.85985
0.83178	0.50236	0.23617
0.0069795	-0.69601	0.718
0.87092	-0.022412	0.4909
-0.13177	-0.065486	0.98912
0.12705	-0.084839	0.98826
0.2479	0.89174	0.37861
0.10061	-0.2305	0.96786
0.54836	0.22638	0.80502
-0.71073	0.67118	0.21068
-0.13378	-0.99071	0.024616
-0.67862	-0.25234	0.68978
-0.18532	0.86044	0.47466
-0.50042	-0.61494	0.60945
0.73479	0.17873	0.65433
0.61856	-0.41601	0.66657
-0.21102	0.31296	0.92603
0.67909	0.59919	0.42404
-0.45036	0.73401	0.50834
-0.81147	-0.27479	0.45486
-0.73817	0.013998	0.62914
0.050374	-0.025672	0.96835
0.64905	-0.24778	0.67694
-0.45889	0.80621	0.28345
0.16681	-0.40779	0.86417
-0.80682	0.46374	0.27367
0.34103	0.11423	0.90086
-0.59737	-0.11166	0.75603
-0.2375	-0.30723	0.88888
-0.44521	-0.024394	0.86145
-0.15426	-0.95684	0.039616
0.48636	-0.25099	0.80085
-0.93284	-0.24257	0.109
-0.8395	-0.069047	0.48102
-0.58145	0.76398	0.13842
-0.19218	-0.85416	0.41759
0.76354	-0.11357	0.58738
-0.86492	-0.35772	0.25463
-0.055564	0.93713	0.24413
-0.55311	0.29062	0.74197
0.017831	0.96801	0.059432
0.52023	0.40026	0.71418
0.51643	-0.81924	0.05516
0.52494	0.66692	0.46963
-0.46206	0.46436	0.71538
-0.44394	0.16134	0.84723
0.25874	0.85027	0.38858
-0.12165	0.8653	0.42113
-0.53873	-0.76917	0.24301
-0.16814	0.3289	0.89691
-0.5686	-0.30755	0.72319
-0.17075	-0.48852	0.82042
0.93648	-0.25227	0.016123
0.20978	-0.94148	0.10253
0.83902	0.48242	0.065018
-0.10779	-0.65355	0.70863
0.92992	-0.0055515	0.27589
-0.24577	-0.73613	0.5819
-0.673	-0.68974	0.11056
0.14357	0.4933	0.82276
-0.9668	0.073749	0.027416
-0.68064	-0.61957	0.3062
0.3298	-0.8235	0.39241
-0.053435	0.1751	0.95257
-0.71162	0.62579	0.20707
-0.003984	-0.88799	0.39033
0.92411	0.29461	0.011448
0.033736	-0.5479	0.79973
-0.18633	-0.92283	0.23361
0.62859	0.23385	0.70077
-0.68323	-0.3759	0.57688
0.33932	0.88682	0.19827
0.76833	-0.5498	0.21977
-0.14364	0.0047108	0.95929
-0.76106	-0.45776	0.39006
-0.82597	0.1456	0.48731
-0.53522	-0.69218	0.41872
0.1827	-0.90425	0.29974
-0.26207	0.49484	0.79206
0.11256	-0.22271	0.93735
0.0066113	-0.94772	0.20662
0.038952	-0.96903	0.019151
-0.44278	0.71158	0.48837
0.69667	0.52945	0.41861
0.14893	-0.81968	0.49684
0.41098	-0.58488	0.65567
-0.40229	0.87645	0.10443
0.78725	0.19799	0.53098
-0.037141	0.77363	0.58396
-0.72346	-0.18485	0.61914
0.24444	0.31089	0.88572
-0.086716	-0.18849	0.94755
-0.59332	0.68076	0.35418
-0.37093	-0.79065	0.42211
0.92486	-0.2087	0.20491
-0.90864	0.055936	0.33488
0.35133	-0.42413	0.79848
0.45936	-0.71192	0.47229
-0.62006	-0.54498	0.50934
0.21961	0.94401	0.038875
0.78246	0.51728	0.24713
0.094973	-0.69935	0.66543
-0.43128	-0.22712	0.83864
0.88811	0.182	0.34501
-0.31025	0.82348	0.40807
-0.63852	0.41114	0.60345
-0.86971	0.27731	0.32803
-0.88683	0.37387	0.12101
0.7047	0.65572	0.11974
0.50717	-0.77957	0.27557
-0.050148	-0.78844	0.5628
0.43408	0.26996	0.82438
0.66437	-0.41182	0.57438
-0.3396	-0.90731	0.048539
-0.061134	0.49447	0.83226
0.22966	-0.57703	0.74511
0.84703	0.02398	0.47209
-0.27016	0.14144	0.92082
0.15614	0.76942	0.56966
-0.60482	0.086914	0.75335
-0.50803	-0.48799	0.66684
-0.4304	-0.649	0.57832
0.9473	0.14766	0.14738
0.6985	0.36316	0.56667
0.65133	-0.70339	0.14802
0.069118	0.87408	0.41485
-0.2352	0.7478	0.57129
-0.25703	0.90329	0.24268
0.41738	0.58688	0.64982
0.30555	-0.245	0.88742
0.78453	-0.29007	0.49119
0.43016	-0.070469	0.86654
0.41455	0.87687	0.012372
0.57225	-0.57375	0.53315
0.5302	0.79509	0.16618
0.73351	-0.48832	0.40546
-0.37652	-0.41334	0.79264
0.87023	-0.41269	0.1153
-0.90161	-0.16804	0.31584
0.62846	0.67629	0.29761
-0.87403	-0.41909	0.036509
0.80953	0.36142	0.39362
0.045842	0.33814	0.908
0.53252	0.097243	0.8049
0.14773	0.14717	0.94732
0.33674	0.45934	0.78518
0.7111	0.06259	0.65675
-0.7938	-0.52863	0.17699
0.88533	0.33778	0.20733
0.23581	0.63182	0.69721
-0.36033	0.61836	0.65474
0.51868	-0.42433	0.7013
0.60611	-0.076257	0.75347
0.84712	-0.35998	0.3061
0.6306	-0.6491	0.34917
-0.36897	-0.86457	0.23934
0.34498	0.73437	0.53159
-0.51498	-0.81998	0.057667
-0.77115	0.3515	0.47188
0.36956	-0.87685	0.18831
-0.80267	0.54183	0.055251
-0.18857	0.94882	0.071265
0.58404	0.51734	0.57633
0.043682	0.64601	0.72227
-0.029798	-0.37305	0.8949
0.7686	-0.59127	0.023691
0.28705	-0.71755	0.58619
0.44397	0.79078	0.34418
0.14376	0.9315	0.22921
-0.93538	0.1841	0.17908
-0.35763	0.33249	0.83813
-0.28707	-0.10867	0.92015
0.96536	-0.050775	0.080003
0.87351	-0.15639	0.39168
0.24156	-0.05591	0.93777
-0.95304	-0.050217	0.17345
-0.69562	0.52959	0.42017
-0.70712	0.21905	0.62682
-0.15215	0.63922	0.71355
-0.30546	-0.58279	0.7127
-0.55057	0.57358	0.55568
-0.81164	-0.30051	0.55842
-0.75871	0.035183	0.69572
0.090154	0.12352	1.0186
0.73558	-0.092709	0.715
-0.56007	0.84024	0.20302
-0.75266	-0.69648	0.096464
0.24995	-0.28032	0.95908
-0.89148	0.44557	0.26006
0.37984	0.28888	0.91278
-0.59222	-0.063172	0.84035
-0.18676	-0.21185	0.99052
-0.43708	0.059201	0.93078
-0.059991	-1.0107	0.18893
0.56852	-0.093761	0.85376
-0.95544	-0.33084	0.1964
-0.86214	-0.08409	0.55727
-0.69013	0.76201	0.062921
-0.097561	-0.85037	0.57294
0.83907	0.045741	0.59562
-0.86637	-0.42269	0.36282
-0.14945	1.0117	0.1225
-0.58865	0.36011	0.76467
0.53213	0.5781	0.66599
0.63418	-0.7973	0.15176
0.50017	0.82091	0.36992
-0.51188	0.54703	0.70685
-0.45593	0.25155	0.88868
0.19676	0.97396	0.27127
-0.20536	0.9565	0.32224
-0.47868	-0.82233	0.39439
-0.18073	0.46195	0.90268
-0.54222	-0.2702	0.833
-0.099474	-0.40515	0.94173
1.0162	-0.16782	0.0070785
0.32502	-0.94879	0.23465
-0.019436	-0.58832	0.84522
0.9923	0.12868	0.24432
-0.16086	-0.70757	0.73101
-0.63358	-0.77253	0.25034
-0.3826	-0.95622	0.012499
0.12836	0.65406	0.78526
-1.0278	-0.01549	0.066224
-0.64218	-0.6705	0.44602
0.44948	-0.76982	0.51599
-0.04132	0.32085	0.97788
-0.8105	0.61469	0.1617
0.10379	-0.87102	0.53986
0.12202	-0.44993	0.91846
0.2808	-0.99098	0.0039143
-0.090595	-0.94925	0.38938
0.66374	0.4128	0.67078
-0.66119	-0.37516	0.69498
0.27123	0.99171	0.06199
0.87741	-0.46542	0.27282
-0.11826	0.13453	1.0143
-0.74129	-0.49665	0.51452
-0.8704	0.14282	0.53189
-0.47693	-0.71504	0.56759
0.29945	-0.88295	0.43775
-0.30122	0.61045	0.77299
0.17562	-0.081092	1.0117
0.11482	-0.96003	0.35504
0.1446	-1.0072	0.15958
-0.52577	0.77358	0.43131
0.69428	0.68659	0.32781
0.26178	-0.76825	0.63416
0.51921	-0.47248	0.75371
0.46911	-0.91332	0.081714
-0.51408	0.89254	0.0018692
0.82907	0.36568	0.48972
-0.10064	0.89347	0.50247
-0.72244	-0.17292	0.7135
0.25645	0.48273	0.87299
-0.03807	-0.063704	1.0273
-0.68621	0.70613	0.30233
-0.29289	-0.80113	0.57733
1.006	-0.095056	0.19964
-0.95357	0.017839	0.38894
0.44422	-0.28881	0.88327
0.57729	-0.62809	0.57718
-0.57893	-0.5559	0.64554
0.78011	0.65671	0.14516
0.198	-0.62243	0.79641
-0.40167	-0.15497	0.93571
0.9307	0.33112	0.29165
-0.40053	0.8919	0.32402
-0.69653	0.45688	0.60581
-0.93619	0.25236	0.3475
-0.97184	0.32062	0.11678
0.62799	-0.72363	0.378
0.050585	-0.74559	0.70883
0.45887	0.44967	0.80506
0.76554	-0.27822	0.63043
-0.26063	-0.97614	0.20032
-0.087584	0.63622	0.80527
0.33007	-0.469	0.85557
0.90857	0.18073	0.45026
-0.26773	0.25916	0.96024
0.10339	0.90627	0.47843
-0.62124	0.14348	0.80893
-0.46111	-0.46141	0.79711
-0.36518	-0.63541	0.72374
0.98985	0.27146	0.086083
0.71909	0.53499	0.50754
0.76763	-0.64863	0.22568
-0.0050718	0.98384	0.30485
-0.30749	0.84471	0.5028
-0.35866	0.95592	0.13596
0.40146	0.75343	0.57626
0.38002	-0.092599	0.95284
0.74728	-0.70883	0.0052074
-1.0065	-0.21761	0.022376
0.87657	-0.15129	0.51927
0.49234	0.099376	0.89923
0.68398	-0.46308	0.61533
0.4814	0.91001	0.032147
0.84069	-0.37671	0.46068
-0.32572	-0.35125	0.91183
0.96677	-0.32743	0.13799
-0.92307	-0.21869	0.40127
0.6024	0.81526	0.18267
-0.87719	-0.52055	0.14307
0.8304	0.51831	0.32046
0.04464	0.49471	0.90232
0.58046	0.27587	0.8049
0.17388	0.31097	0.96642
0.33462	0.63222	0.7411
0.76747	0.23525	0.6454
-0.77588	-0.60607	0.30264
0.90637	0.4732	0.12441
0.20663	0.7894	0.62854
-0.42294	0.70927	0.6156
0.61751	-0.28685	0.77285
0.67475	0.093961	0.77252
0.94353	-0.24595	0.3319
-0.585	-0.84642	0.047408
0.74708	-0.5637	0.43013
-0.28943	-0.90571	0.39599
0.30518	0.88277	0.43414
-0.45477	-0.90094	0.2059
-0.8349	0.36145	0.4829
0.48991	-0.8523	0.30737
-0.9031	0.49492	0.018986
0.58221	0.68632	0.5009
0.0031332	0.78877	0.66237
0.03975	-0.25903	0.9961
0.87516	-0.53822	0.072863
0.39996	-0.63415	0.70625
0.39709	0.92358	0.22408
0.061092	1.0235	0.097715
-1.0009	0.12589	0.20789
-0.38327	0.43791	0.84984
-0.25907	-0.0043484	0.99688
1.0276	0.055508	0.04335
0.95283	-0.017426	0.39079
0.29417	0.10642	0.98135
-0.99491	-0.12191	0.23706
-0.77587	0.54761	0.39882
-0.74776	0.25252	0.66181
-0.20324	0.76075	0.66396
-0.23553	-0.53345	0.84903
-0.62257	0.62849	0.52754
