-0.75934	0.23669	0.60612
0.46829	0.70148	0.53724
0.11507	0.84295	0.52554
-0.91601	0.12465	0.38129
0.65083	0.71869	0.24473
0.11178	-0.85366	0.50869
0.42453	-0.78928	0.44363
-0.26031	0.37091	0.89144
0.72849	0.34791	0.59014
0.77859	-0.09513	0.62028
-0.33111	-0.046972	0.94242
-0.5909	-0.8046	0.058712
0.063854	-0.97225	0.22506
0.96851	-0.14586	0.20178
-0.029395	0.017034	0.99942
0.039544	0.33025	0.94306
-0.11703	0.26814	0.95625
-0.60801	0.63659	0.47443
0.92717	-0.30479	0.21786
-0.81757	-0.049025	0.57374
0.97987	0.18192	0.082198
0.31233	-0.94823	0.057603
0.86614	-0.33613	0.3699
-0.45707	-0.45819	0.76233
0.11299	0.98799	0.10538
0.94547	-0.0096699	0.32556
-0.52972	0.47607	0.70197
-0.48582	0.87309	0.040988
0.82123	0.36415	0.4393
-0.20345	0.77577	0.59732
0.8128	0.48363	0.32473
0.56938	0.81263	0.12426
-0.98191	-0.18934	0.00058958
-0.051102	-0.84554	0.53145
-0.63836	0.74035	0.21066
0.33237	0.25305	0.90857
0.45705	0.13024	0.87986
-0.055345	0.98806	0.14376
-0.25255	0.51696	0.81791
0.86023	-0.45589	0.22839
-0.5403	-0.55489	0.63259
-0.1311	-0.90675	0.40078
-0.78153	-0.20322	0.58983
0.3565	0.67894	0.64183
-0.33282	0.94271	0.022793
-0.041774	-0.41278	0.90987
-0.31648	0.8197	0.47743
0.8178	0.2187	0.53233
-0.17182	0.98512	0.0044971
-0.86605	-0.20898	0.45419
0.70884	-0.69786	0.10265
-0.26983	0.90599	0.32615
-0.4861	-0.010657	0.87384
0.30348	0.094437	0.94815
-0.84944	0.26283	0.45758
-0.70817	-0.086305	0.70074
-0.80679	0.52869	0.26379
-0.65673	-0.24631	0.71277
-0.11076	0.94719	0.30093
0.051781	-0.27918	0.95884
0.67971	-0.52655	0.51062
0.73024	-0.24904	0.63618
-0.8317	-0.45329	0.32063
-0.74937	0.64415	0.15334
-0.73482	-0.54225	0.40744
0.64567	-0.72096	0.25166
0.11802	-0.10897	0.98701
0.68619	-0.61683	0.38558
0.36933	-0.48899	0.79024
-0.39199	-0.60205	0.69562
-0.69592	0.6387	0.32827
-0.84247	0.10738	0.52793
0.89392	0.086001	0.43991
-0.95722	0.26631	0.11317
0.3525	0.40636	0.84298
-0.2186	0.96178	0.16489
-0.27984	-0.88996	0.36008
-0.35582	0.70649	0.61177
0.77067	-0.37972	0.51175
0.49427	0.43774	0.75105
0.22325	0.75728	0.61375
-0.37312	0.10406	0.92193
0.20408	-0.75741	0.62023
0.47707	-0.87867	0.018399
0.70531	0.70384	0.084613
-0.23601	0.6523	0.72028
0.0034866	0.16862	0.98568
0.2226	0.94801	0.22744
-0.92225	0.38645	0.010323
0.5714	-0.53447	0.62277
0.42516	-0.031815	0.90456
0.46002	0.8875	0.026789
-0.50453	0.61558	0.6054
-0.21679	-0.39289	0.89367
-0.93907	-0.34325	0.017958
-0.97014	0.13018	0.20463
0.49753	-0.81828	0.2879
-0.33985	-0.9398	0.035723
-0.62277	0.036771	0.78154
-0.30716	-0.92821	0.20996
0.91772	-0.17804	0.35508
0.78983	-0.48355	0.37728
-0.87122	-0.48883	0.044916
0.56871	-0.81143	0.13474
0.69774	0.034563	0.71551
0.98419	0.019637	0.17602
-0.78606	-0.61356	0.075216
0.90187	-0.42615	0.070929
-0.051599	-0.65661	0.75246
-0.46669	-0.68692	0.55707
0.20874	0.51263	0.83285
-0.73656	0.52001	0.43252
0.29772	0.81832	0.49164
-0.95677	-0.24306	0.15975
-0.034638	-0.99511	0.092524
-0.304	-0.50486	0.8079
-0.78849	-0.57138	0.22761
0.28167	-0.63912	0.71567
0.81398	0.57966	0.037759
0.17699	0.90455	0.3879
-0.51938	0.15715	0.83997
0.058856	0.96109	0.26989
-0.16071	0.87577	0.4552
-0.046482	0.82085	0.56925
-0.67061	-0.66835	0.32186
0.62024	0.46635	0.63073
0.21244	0.64328	0.73557
-0.46366	0.73845	0.4896
0.40144	0.89829	0.17864
-0.98791	-0.068252	0.13918
0.06986	0.74114	0.6677
-0.63102	0.77372	0.056345
0.33914	-0.88337	0.32347
0.40808	-0.8962	0.17405
0.56905	0.0026916	0.8223
0.041284	-0.54086	0.8401
-0.41962	0.83998	0.34401
0.581	0.71018	0.39759
-0.45872	-0.878	0.13672
0.27258	-0.069304	0.95963
-0.53699	0.32324	0.7792
-0.40237	0.43096	0.80769
-0.22536	-0.82562	0.51727
0.0021757	0.90727	0.42055
0.52044	-0.16013	0.83875
-0.64064	0.50689	0.57675
-0.53289	-0.74679	0.39791
-0.74203	0.078248	0.66578
-0.10565	0.42863	0.89728
-0.55851	0.74939	0.35564
0.36897	-0.19854	0.90799
-0.26273	0.21286	0.9411
-0.31174	-0.72458	0.61466
-0.75697	0.38653	0.52687
0.56788	-0.71847	0.40164
-0.38746	0.5749	0.72067
-0.68782	-0.70801	0.16008
0.21248	-0.52804	0.82221
-0.13415	-0.53352	0.83508
0.86594	0.47407	0.15941
-0.28182	-0.22003	0.9339
0.80724	0.062212	0.58694
0.28532	0.95542	0.075946
0.36758	-0.72302	0.58492
-0.037744	-0.14343	0.98894
-0.5776	-0.13156	0.80565
-0.85126	0.51662	0.091976
0.76998	0.60348	0.20721
0.44939	-0.32107	0.83365
-0.18491	-0.08304	0.97924
-0.43164	-0.84905	0.30462
-0.098079	0.57396	0.81299
0.48112	0.28792	0.82802
0.2718	-0.83379	0.48054
0.59651	0.16397	0.78568
-0.40517	0.2743	0.87212
0.65902	-0.12586	0.74152
-0.65536	0.36094	0.66349
0.051121	0.48095	0.87525
0.22929	-0.95326	0.19676
-0.12862	-0.27084	0.95399
-0.94087	-0.15596	0.30072
-0.60736	-0.62988	0.48411
0.43204	-0.59527	0.67749
0.66073	-0.39592	0.63772
-0.89581	0.39872	0.19632
0.81866	-0.56794	0.085056
-0.89689	-0.30664	0.31869
0.99919	0.036164	0.017707
0.21418	-0.24322	0.94603
0.89856	0.34518	0.271
-0.37232	-0.34504	0.86158
-0.51989	-0.2978	0.80064
0.71785	0.19391	0.66865
-0.91813	0.26679	0.29302
0.12143	-0.99087	0.058611
0.61456	0.3203	0.72092
-0.11347	-0.96079	0.25298
-0.38381	-0.79787	0.46486
0.29732	-0.37042	0.87999
-0.67584	-0.49165	0.54911
0.024601	-0.92543	0.37813
0.13568	-0.40738	0.90312
-0.99298	0.10754	0.049243
0.43673	0.79646	0.41823
-0.56899	-0.78789	0.23554
0.93761	0.32728	0.11739
0.35882	0.54909	0.75482
0.72414	0.48761	0.48771
0.87398	-0.070629	0.4808
0.11994	-0.65697	0.74432
-0.8956	-0.40782	0.17771
-0.13901	-0.75161	0.64479
0.51644	-0.43385	0.73828
-0.1916	-0.97495	0.11295
0.49435	0.57475	0.65213
-0.083658	0.70592	0.70333
-0.22588	-0.63816	0.73603
-0.51223	0.83562	0.1984
0.76651	-0.59612	0.23898
0.99172	-0.12209	0.039868
-0.59684	-0.4081	0.69082
0.52493	-0.66004	0.5374
-0.37111	0.91013	0.18422
-0.64765	0.20278	0.73446
0.59849	-0.28255	0.74965
0.056973	0.61842	0.78378
0.95933	-0.27642	0.057187
0.70612	0.6048	0.36827
-0.72339	-0.34857	0.59599
-0.95921	-0.0018744	0.28268
0.33393	0.88344	0.32866
-0.80512	-0.37177	0.46213
0.037054	-0.76292	0.64543
0.83395	-0.22745	0.50279
-0.83949	0.40146	0.36618
0.60668	0.59981	0.5217
0.89677	0.22829	0.37906
-0.18105	0.083486	0.97992
0.18324	-0.91686	0.35468
-0.43264	-0.1766	0.8841
-0.89916	-0.044058	0.4354
0.14056	0.054016	0.9886
0.95468	0.16678	0.24651
0.17137	0.21308	0.96189
0.19868	0.36815	0.90829
0.50833	0.81642	0.27398
0.083721	-0.63591	0.76068
0.88784	0.34359	0.28932
0.65155	-0.60357	0.44856
-0.58457	0.58036	0.5581
-0.34478	0.85125	0.38278
-0.60676	-0.11873	0.7796
-0.44781	0.26314	0.84867
0.61264	-0.12663	0.77373
0.81173	-0.48354	0.31196
0.14981	0.17773	0.96747
0.52211	-0.78198	0.32547
-0.72502	0.5909	0.33942
-0.92269	-0.30789	0.20947
0.47167	-0.69186	0.53747
0.58449	0.49388	0.63598
-0.2176	-0.10224	0.96552
-0.11346	0.91757	0.36772
-0.097957	-0.88305	0.44794
0.41753	-0.096619	0.89797
-0.61001	0.35846	0.69959
-0.084813	-0.96446	0.22947
-0.86321	0.41169	0.27459
-0.75408	0.18557	0.62206
-0.85836	0.25155	0.43586
0.62119	-0.34383	0.69708
0.23513	-0.27804	0.92597
-0.080583	0.5256	0.841
-0.50656	-0.68147	0.51867
-0.9913	0.073173	0.044764
-0.48154	-0.86307	0.11515
-0.48336	-0.53316	0.68712
-0.68508	-0.62614	0.35865
0.87397	-0.25903	0.39888
0.57589	0.095556	0.80576
0.2904	0.84679	0.43433
0.16356	0.57614	0.79457
0.11769	-0.92362	0.35086
-0.66687	-0.48813	0.55412
-0.74019	-0.27504	0.60539
0.51212	0.32474	0.78886
-0.56223	-0.33457	0.74966
0.69712	-0.67677	0.21455
-0.6699	0.72117	0.14548
-0.43605	0.0019229	0.89436
-0.014072	0.70859	0.69838
-0.96276	-0.075668	0.23955
-0.50673	-0.79226	0.32491
-0.87411	-0.20216	0.43022
0.28693	-0.68027	0.66703
0.1092	-0.80865	0.56938
0.77449	-0.18263	0.59736
-0.39475	-0.23001	0.88391
-0.26594	0.94272	0.17486
-0.2627	-0.95932	0.026855
0.75551	0.41106	0.50026
0.34269	-0.90558	0.22917
0.30868	-0.83114	0.45161
-0.30038	-0.90958	0.26917
0.9652	-0.091082	0.22389
-0.093459	0.27412	0.95192
0.49623	-0.52625	0.68326
0.15214	-0.97574	0.12169
0.92606	-0.31501	0.18223
0.33293	0.91667	0.19724
-0.6736	-0.71783	0.14497
-0.05262	0.98302	0.14469
0.2231	0.73167	0.63633
-0.04579	-0.99392	0.0074944
0.016818	-0.19405	0.97575
-0.30952	-0.81078	0.48667
0.89026	-0.027539	0.44351
-0.096933	-0.7509	0.64558
-0.037695	0.040166	0.99347
0.53251	-0.83506	0.095579
0.12221	0.9414	0.29808
0.77586	0.53867	0.3129
0.83634	-0.53221	0.08551
-0.18157	0.80106	0.56156
0.31004	0.363	0.873
-0.157	-0.33295	0.9244
0.95218	0.13158	0.25703
-0.82272	-0.53055	0.17797
0.66931	0.70834	0.20076
0.75604	0.039404	0.64566
0.38483	0.54669	0.73693
-0.12727	-0.55963	0.8128
0.98867	0.10842	0.028165
0.15017	0.98247	0.047104
-0.48249	0.85267	0.17372
0.6216	0.63507	0.44758
-0.7688	-0.047707	0.62984
0.37449	0.13559	0.91181
0.83235	0.53661	0.096239
0.93673	0.32943	0.063533
0.061282	-0.43234	0.89407
0.28332	-0.49698	0.8141
-0.98082	-0.16635	0.018368
0.69438	0.2604	0.66336
0.7347	-0.41629	0.52625
0.43708	0.6971	0.5595
-0.24802	0.63175	0.7276
-0.29887	-0.66551	0.6766
-0.27293	0.40323	0.86772
0.52703	0.84019	0.079631
-0.94968	0.16771	0.24497
-0.2681	0.13977	0.94795
0.4402	-0.32293	0.83184
-0.40119	0.71045	0.5695
-0.60934	0.1147	0.77819
-0.44021	0.50563	0.73524
-0.32923	-0.44607	0.82623
-0.88907	0.024812	0.44606
-0.8211	0.55268	0.10187
-0.93852	0.32389	0.065611
0.4933	0.79892	0.32925
-0.81324	-0.42072	0.38943
0.091248	0.39247	0.90976
-0.73907	0.42676	0.51155
0.05808	0.8496	0.51461
0.85034	0.19514	0.47841
-0.55219	0.73884	0.37314
0.20202	-0.046408	0.97317
0.17384	-0.5164	0.84447
0.86684	0.46784	0.19935
0.73043	-0.4747	0.50115
-0.62696	0.60169	0.50489
-0.41933	0.86913	0.28072
-0.57125	-0.064648	0.82433
-0.4478	0.34045	0.83282
0.65416	0.042755	0.76176
0.87461	-0.35947	0.34039
0.16508	0.3293	0.93506
0.61428	-0.68218	0.40905
-0.77645	0.56759	0.29154
-0.88866	-0.36441	0.29581
-0.87498	-0.48612	0.090115
0.56165	-0.56702	0.61079
0.55864	0.63805	0.5393
-0.17578	0.015353	0.98939
-0.19419	0.95501	0.2455
0.0057798	-0.82434	0.57485
0.45934	0.071784	0.891
-0.62536	0.39859	0.67829
0.019849	-0.9353	0.3672
-0.89935	0.3668	0.25819
-0.75522	0.20172	0.63164
-0.87289	0.23088	0.44135
0.68209	-0.18357	0.7149
0.29538	-0.12217	0.95281
-0.10569	0.63555	0.77131
-0.4226	-0.6525	0.63693
-1.0016	-0.015162	0.081571
-0.39272	-0.88848	0.2577
-0.4086	-0.47862	0.78358
-0.61288	-0.63727	0.4778
0.9174	-0.11767	0.39314
0.5959	0.26498	0.76467
0.22085	0.93252	0.30274
0.13287	0.70248	0.70632
0.22321	-0.85804	0.47325
-0.60193	-0.47025	0.65312
-0.69536	-0.25782	0.67825
0.50815	0.48462	0.71899
-0.50575	-0.27953	0.82226
0.77572	-0.57663	0.2753
-0.74075	0.67481	0.077041
-0.4081	0.08808	0.91418
-0.34925	-0.94139	0.042922
-0.062148	0.80367	0.60023
-0.95134	-0.13279	0.29554
-0.41811	-0.79046	0.45869
-0.84312	-0.22303	0.49944
0.37928	-0.55457	0.74741
0.21043	-0.71321	0.67607
0.81644	-0.022762	0.5856
-0.34356	-0.14033	0.93397
-0.35637	0.93799	0.056501
-0.16616	-0.97605	0.17245
0.7342	0.55251	0.40706
0.76467	-0.65065	0.044348
0.4433	-0.83603	0.33847
0.4091	-0.73342	0.55204
-0.20088	-0.89554	0.40949
0.9862	0.033205	0.19063
-0.08952	0.39986	0.91767
0.57451	-0.37902	0.73233
0.25536	-0.93936	0.24983
0.96808	-0.19936	0.18194
0.24855	0.97228	0.054096
0.44114	-0.8979	0.095874
-0.59928	-0.75794	0.27644
-0.14718	0.99411	0.010643
0.17166	0.84036	0.52378
0.054552	-0.9926	0.14762
0.069289	-0.052242	1.0012
-0.21272	-0.76702	0.61356
0.91191	0.12067	0.40484
0.00011998	-0.66448	0.75398
-0.008503	0.17823	0.98903
0.62235	-0.76684	0.18618
0.037787	0.99123	0.16142
0.73547	0.65471	0.20115
0.89663	-0.43791	0.11968
-0.24432	0.86024	0.45861
0.30415	0.51548	0.80734
-0.093012	-0.21438	0.97745
-0.73608	-0.68028	0.073687
0.95177	0.25833	0.19346
-0.76684	-0.58102	0.2905
0.60755	0.79745	0.070585
0.77713	0.20339	0.60393
0.35615	0.686	0.64232
-0.044028	-0.45312	0.89597
-0.56483	0.82758	0.078126
0.57533	0.75521	0.32967
-0.74621	-0.030768	0.6725
0.39313	0.3008	0.87464
0.13525	-0.29686	0.95058
0.36211	-0.35147	0.86912
-0.96777	-0.25635	0.087943
0.6935	0.42002	0.59386
0.79767	-0.26928	0.54886
0.3875	0.81536	0.44165
-0.2884	0.70908	0.6512
-0.21029	-0.59429	0.7827
-0.55817	-0.83378	0.05723
-0.28565	0.49926	0.82412
-0.96257	0.11148	0.26655
-0.25152	0.24893	0.94064
0.50272	-0.16076	0.85525
-0.4555	0.75026	0.48954
-0.59744	0.16725	0.79064
-0.46846	0.56634	0.68544
-0.25789	-0.3574	0.90321
-0.88051	0.0037259	0.48447
-0.87708	0.48648	0.064013
-0.97316	0.24239	0.065103
0.42594	0.88919	0.19476
-0.7613	-0.4406	0.48612
0.082646	0.52923	0.85036
-0.7682	0.42744	0.48701
-0.010086	0.92467	0.39359
0.85051	0.3435	0.4107
-0.61664	0.73611	0.29652
0.24033	0.11198	0.96939
