-0.90001	0.31584	0.30037
0.78959	-0.24597	0.56218
-0.27441	0.91681	0.29011
0.41832	-0.5743	0.7037
-0.048417	-0.98696	0.15349
-0.33841	0.5873	0.73523
0.4951	-0.83656	0.23461
0.086619	0.66324	0.74338
0.17683	0.7911	0.58557
-0.15205	-0.25379	0.95523
0.9188	0.38634	0.080941
-0.6696	-0.68914	0.27697
0.29447	-0.91503	0.2757
-0.35725	0.81067	0.46389
0.66838	-0.71155	0.21672
-0.54324	0.49464	0.6784
0.79933	0.13415	0.58572
-0.73838	-0.059949	0.67172
-0.28334	-0.39496	0.87391
0.54338	0.82637	0.1478
-0.50251	-0.34362	0.79336
-0.19861	0.97353	0.1131
0.6915	-0.43605	0.57592
-0.064278	0.95726	0.28199
-0.58533	-0.15148	0.79652
0.17715	-0.068639	0.98179
0.73544	-0.67719	0.023199
-0.31834	0.10854	0.94174
0.014127	-0.86197	0.50677
-0.18213	-0.83163	0.52462
0.6967	0.29541	0.65372
-0.32807	-0.87497	0.35608
-0.37255	-0.76703	0.52237
-0.41647	0.40652	0.8132
0.89987	-0.37827	0.21712
0.34624	0.91533	0.20565
0.94877	0.0026624	0.31595
0.40369	-0.80911	0.42705
-0.5546	0.72197	0.41375
0.26748	-0.25895	0.92812
-0.82838	-0.19223	0.52615
-0.60373	-0.45702	0.65318
0.028047	-0.60311	0.79716
0.58175	0.67548	0.4531
-0.71655	0.37755	0.58652
-0.20418	0.48004	0.85316
0.96245	-0.17911	0.20398
0.74059	-0.061464	0.66914
0.37963	-0.081161	0.92157
-0.70666	0.63632	0.30938
-0.45994	-0.023661	0.88764
-0.74501	0.16048	0.64746
0.14447	0.32093	0.93602
0.08728	-0.94481	0.31578
-0.87786	-0.32118	0.35525
0.95448	0.21323	0.20856
0.062093	-0.25757	0.96426
0.71679	0.69426	0.064955
0.13732	-0.74993	0.64711
0.8174	0.54999	0.17138
-0.49279	-0.62245	0.60804
-0.98443	-0.019878	0.17465
-0.97294	0.18206	0.14229
0.26416	0.87802	0.39911
0.38843	0.48045	0.78632
0.57722	-0.81554	0.041431
-0.82912	0.52096	0.20288
0.86479	-0.040233	0.50053
-0.61709	0.071853	0.78361
0.28859	0.65205	0.7011
-0.15305	0.87302	0.46305
0.99033	-0.13829	0.010964
0.94233	-0.33416	0.018823
-0.38058	-0.21584	0.89921
-0.78933	-0.5187	0.32851
-0.071345	-0.73427	0.6751
0.54873	-0.42202	0.72166
-0.029944	-0.068891	0.99717
0.71165	-0.57249	0.40719
0.85692	-0.51498	0.02205
0.38535	-0.91932	0.079733
0.48087	0.6153	0.62463
-0.39751	-0.51896	0.75674
-0.12143	0.6457	0.75387
0.46928	0.09963	0.87741
-0.17869	-0.56615	0.8047
0.27832	0.11938	0.95304
-0.42468	0.90004	0.097865
-0.91995	0.3781	0.10361
-0.9336	0.10645	0.34214
-0.62063	-0.77911	0.088342
0.65188	0.11093	0.75016
-0.60647	0.29804	0.73713
-0.27762	-0.68109	0.67752
-0.26736	-0.94687	0.17876
-0.49119	-0.83712	0.24074
0.67184	0.50487	0.54198
-0.059095	0.3185	0.94608
0.52607	0.27707	0.80404
-0.12149	-0.93126	0.3435
-0.79225	0.45599	0.40546
-0.47275	0.20782	0.85634
-0.92601	-0.10841	0.36161
0.34632	-0.72441	0.59607
0.001538	0.50082	0.86555
0.80146	-0.55637	0.21934
0.35112	-0.42689	0.83335
-0.032457	0.78856	0.6141
0.9926	0.03545	0.1161
0.55688	-0.60714	0.5668
-0.69133	-0.27121	0.6697
0.14931	-0.44107	0.88496
-0.84089	0.24266	0.48375
0.89692	-0.21183	0.38815
-0.8545	0.02493	0.51885
0.079274	0.12872	0.98851
0.57478	-0.075375	0.81483
-0.64637	0.56481	0.51303
0.80255	0.34833	0.48432
0.47306	-0.25729	0.84262
0.66143	0.70166	0.2649
0.1415	0.95904	0.24538
0.47113	0.81284	0.34253
0.65283	-0.24832	0.71564
0.21134	-0.85583	0.47211
-0.24458	0.74465	0.62103
0.75508	0.54389	0.36613
0.37903	0.76156	0.5257
0.058449	0.8946	0.44303
0.008607	0.99689	0.078309
-0.9556	-0.22992	0.18429
0.34069	0.30585	0.88904
-0.26538	0.29989	0.91632
0.82003	-0.4029	0.40648
0.17098	-0.97806	0.11906
-0.7617	-0.39745	0.51171
-0.65955	-0.57894	0.4794
0.56334	0.44307	0.69738
-0.7755	-0.61937	0.12241
0.57111	-0.71602	0.40144
-0.24103	-0.075224	0.9676
0.21229	0.97635	0.040934
0.87599	0.38167	0.29491
0.19984	0.50072	0.84223
-0.45624	0.66671	0.58935
-0.75168	0.65598	0.068239
0.22756	-0.60459	0.76334
-0.88372	-0.43718	0.16708
0.89561	0.17876	0.40735
-0.12119	0.12279	0.98501
-0.057981	-0.42935	0.90127
0.40882	0.9126	0.0057711
-0.61799	0.7664	0.17527
-0.53457	-0.73616	0.4151
-0.46276	0.84066	0.28131
-0.42928	-0.90116	0.060304
-0.89846	0.3906	0.024489
0.56533	0.70956	0.37057
0.74427	0.61512	0.16759
0.9737	-0.11067	0.0076443
0.67373	0.26239	0.66154
-0.31051	-0.91551	0.16068
-0.54691	0.022514	0.81289
0.14113	-0.61037	0.75361
-0.097461	-0.73294	0.6432
-0.14834	0.46848	0.8479
0.52925	0.034741	0.82407
0.56186	0.52565	0.60696
-0.58053	-0.78628	0.071737
-0.52361	0.82796	0.026886
0.13607	0.38827	0.88946
0.049898	-0.074038	0.97592
0.76893	-0.50441	0.33871
-0.42706	0.83514	0.28383
-0.87984	-0.39071	0.18336
-0.65632	0.66672	0.29176
-0.80867	0.22162	0.50729
0.03318	0.95199	0.23024
-0.22728	0.94613	0.11654
0.89696	-0.10722	0.37995
-0.35614	0.25737	0.87597
-0.19696	-0.86819	0.4097
0.1191	-0.36111	0.90322
0.3341	-0.16682	0.90606
0.36257	-0.69277	0.59077
0.030837	-0.9435	0.26318
-0.18583	0.86497	0.42154
0.51444	0.82731	0.10637
-0.89802	-0.089523	0.38202
-0.74656	0.63427	0.027506
0.32235	-0.87227	0.30925
0.23589	0.95096	0.020534
0.95587	0.089514	0.19672
0.68971	-0.68287	0.13561
-0.61441	-0.54338	0.53631
-0.61482	0.26912	0.71412
0.2526	0.11997	0.93926
0.061423	0.6509	0.73004
0.37993	-0.44557	0.78582
-0.8262	0.43796	0.29323
0.31937	0.54804	0.74703
-0.75728	-0.029539	0.62133
-0.80172	-0.3391	0.45017
-0.49234	-0.77308	0.34691
0.89209	0.36387	0.1794
-0.42544	-0.22037	0.85489
0.48011	-0.85167	0.067438
-0.45358	0.69245	0.52458
0.12483	-0.82749	0.50998
0.74808	-0.020043	0.63275
-0.96415	-0.13917	0.10694
-0.20073	0.6986	0.65732
-0.076768	-0.97696	0.0078258
0.90889	-0.31428	0.18854
-0.93009	0.1633	0.26206
-0.057942	0.20113	0.95739
0.59011	-0.51235	0.59133
0.58173	-0.24389	0.75
-0.42119	0.49724	0.73195
0.55024	-0.71797	0.37702
-0.15634	-0.27084	0.92876
0.85138	0.19009	0.44657
-0.14251	-0.52123	0.81756
0.3385	0.74016	0.54588
-0.36808	-0.69313	0.58693
0.075539	0.83521	0.50707
0.21874	-0.95474	0.032138
-0.66159	0.48759	0.53381
0.75615	0.46139	0.41923
-0.25789	0.0020543	0.94546
0.76886	-0.29801	0.52957
-0.71959	-0.60487	0.27699
0.43902	0.30587	0.82104
-0.64678	-0.2788	0.68143
0.30764	0.88096	0.29946
-0.41495	-0.47347	0.75103
-0.9697	0.31608	0.013241
0.52419	0.83777	0.2525
0.71219	0.7286	0.048248
0.69297	0.43255	0.61081
-0.22062	-0.94586	0.31158
-0.54023	0.089019	0.86059
0.23566	-0.50133	0.85646
-0.002373	-0.6667	0.77195
-0.17286	0.59069	0.81339
0.57273	0.20879	0.81779
0.54792	0.68357	0.52241
-0.51662	-0.85288	0.21469
0.13129	0.54244	0.85377
0.093166	0.072529	1.0131
0.86005	-0.39209	0.38338
-0.51902	0.85645	0.1937
-0.86368	-0.4601	0.28769
-0.73853	0.66237	0.23715
-0.84246	0.2226	0.5302
-0.056667	1.0136	0.099316
0.9527	0.033926	0.36278
-0.36502	0.3579	0.88265
-0.099383	-0.84954	0.5557
0.19212	-0.22583	0.97596
0.39455	-0.0050259	0.94059
0.46778	-0.58808	0.68974
0.13914	-0.92599	0.40446
-0.26767	0.93097	0.31945
-0.90693	-0.12373	0.45007
0.43506	-0.81755	0.42748
0.98686	0.21454	0.14308
0.92062	-0.43873	0.019642
-0.74261	-0.69122	0.10559
0.78958	-0.61278	0.20363
-0.56085	-0.53873	0.66002
-0.63959	0.32077	0.72693
0.28152	0.28601	0.93773
0.021194	0.78104	0.65569
0.46681	-0.30413	0.8544
-0.89052	0.41128	0.27969
0.29947	0.70335	0.67529
-0.75921	-0.013193	0.68105
-0.77895	-0.36024	0.55124
-0.41718	-0.79021	0.49187
0.89172	0.48714	0.089117
-0.3878	-0.14201	0.93266
0.58782	-0.81652	0.16781
-0.52329	0.7429	0.46332
0.23292	-0.76147	0.63743
0.7983	0.14593	0.61792
-0.97975	-0.22161	0.17713
-0.25762	0.79355	0.58678
0.022399	-1.0084	0.15154
0.97994	-0.20544	0.19471
-0.97056	0.11479	0.29194
-0.047706	0.34145	0.95997
0.68455	-0.38062	0.6534
0.65346	-0.08274	0.77881
-0.46228	0.57637	0.70321
0.65724	-0.62696	0.46406
-0.10147	-0.15651	1.0028
0.87691	0.34421	0.39109
-0.064975	-0.42832	0.92343
0.29232	0.87269	0.43974
-0.28856	-0.6607	0.72153
0.0089127	0.93867	0.39903
-0.30493	-0.97289	0.029952
0.32679	-0.95307	0.15897
-0.71697	0.51373	0.51229
0.74919	0.6091	0.32879
-0.23437	0.11589	0.98592
0.84513	-0.15232	0.55041
-0.67231	-0.65026	0.4069
0.45104	0.47759	0.7803
-0.61683	-0.24917	0.7732
-1.0194	0.024954	0.024469
0.23719	0.97782	0.16735
-0.35422	-0.41586	0.86139
