-0.33811	-0.9405	0.033918
-0.056648	-0.90633	0.41877
0.70629	-0.30225	0.64016
-0.71408	0.061913	0.69732
0.5029	-0.78315	0.36576
-0.97563	0.20041	0.089355
-0.98989	0.096775	0.10367
0.87045	-0.26527	0.41468
-0.8798	-0.097884	0.46516
0.58464	0.55462	0.59211
-0.74442	0.46573	0.47847
0.89547	-0.36155	0.25965
-0.48074	-0.060621	0.87477
-0.75757	-0.62088	0.20148
0.31908	0.69652	0.64268
0.14354	-0.37221	0.91698
-0.8354	-0.044846	0.5478
0.27486	-0.91278	0.30214
-0.099814	0.23972	0.9657
0.366	0.24983	0.89645
0.088305	0.22057	0.97137
0.34668	0.5425	0.76518
0.80842	0.26175	0.5272
0.44993	0.19273	0.87202
-0.55455	0.7639	0.33004
-0.23382	0.63868	0.73309
-0.36466	0.92921	0.059911
-0.69257	0.25908	0.67322
0.2188	-0.89134	0.39705
0.13941	0.67824	0.7215
-0.82814	-0.44574	0.33986
-0.8628	-0.35673	0.35822
0.98558	0.0080706	0.169
-0.57207	-0.54292	0.61479
0.78556	0.44625	0.42868
-0.38669	-0.20336	0.89951
-0.51874	0.38178	0.76495
0.17604	-0.93379	0.31153
0.17341	0.96365	0.20324
0.60186	0.072734	0.79528
0.090402	-0.95885	0.26912
-0.62826	0.64738	0.4315
-0.37768	0.77234	0.51073
-0.47653	0.85878	0.18816
0.65572	-0.57748	0.48637
0.99631	-0.085596	0.0062947
-0.19599	-0.62986	0.75158
-0.033422	0.96324	0.26657
-0.48548	0.57089	0.66211
-0.0077154	0.98653	0.16342
0.89873	0.28466	0.33354
-0.12539	-0.6937	0.70927
0.32951	-0.28457	0.90025
-0.041826	-0.98912	0.14106
-0.35517	0.82835	0.43324
0.63283	-0.37505	0.6774
0.5113	-0.61321	0.60212
-0.6259	0.22118	0.74788
-0.46158	-0.71343	0.52722
-0.11944	0.75666	0.64281
-0.87774	-0.45492	0.15041
0.67037	-0.66679	0.32558
0.40374	0.91345	0.05108
-0.5471	0.66651	0.50639
0.44493	-0.57888	0.68332
0.19088	0.54568	0.81596
0.23179	0.68558	0.69011
-0.68598	-0.24717	0.68435
0.18402	0.26162	0.94747
-0.6504	-0.75573	0.076455
0.94931	0.28718	0.12784
-0.62165	0.58947	0.51583
0.639	0.58257	0.50228
0.6049	0.66473	0.43845
-0.6328	0.73305	0.2494
-0.26302	0.45192	0.8524
-0.1957	0.19507	0.96107
-0.953	0.10414	0.28452
0.068497	0.96971	0.23446
0.35154	-0.62471	0.69724
0.69841	-0.71387	0.05116
-0.45495	-0.84838	0.27071
0.73275	-0.50995	0.45058
-0.87803	0.41492	0.23856
0.20252	-0.95444	0.21914
0.5654	-0.33803	0.75237
0.060133	0.73623	0.67406
0.43691	-0.019297	0.8993
0.5286	0.43312	0.73006
-0.39114	-0.10329	0.91452
-0.20111	0.092131	0.97523
0.62811	-0.73663	0.25071
-0.54993	0.72178	0.42026
-0.39759	-0.78657	0.47248
-0.60745	-0.5921	0.52955
0.64567	-0.27474	0.71247
0.96888	0.10266	0.22526
0.42011	-0.66241	0.62026
-0.91406	-0.14964	0.37697
0.72416	0.61611	0.30984
-0.08668	0.9921	0.090659
0.67728	0.40445	0.61458
0.94705	-0.18081	0.26535
-0.99602	-0.075311	0.047652
0.81721	-0.34428	0.46221
0.85428	-0.085463	0.51274
-0.5601	0.79866	0.22005
-0.42739	-0.51986	0.73965
-0.050838	-0.44721	0.89299
-0.3873	0.097821	0.91675
0.75703	-0.087814	0.64745
-0.24978	0.5484	0.79804
0.87079	-0.44809	0.20235
0.5405	0.81739	0.1993
0.49238	-0.8518	0.17887
-0.48929	-0.75667	0.43364
0.082147	0.80262	0.5908
0.18655	0.3605	0.91391
-0.69686	0.55711	0.45168
-0.60074	-0.74604	0.2873
0.14195	0.94221	0.30347
-0.12068	-0.28241	0.95167
0.082373	-0.83734	0.54045
0.18798	0.45502	0.87041
-0.95978	-0.26151	0.10219
-0.77426	-0.094679	0.62575
-0.36778	0.29942	0.88039
-0.12716	-0.86587	0.48383
-0.56463	-0.019887	0.8251
-0.80355	-0.40462	0.43656
-0.71408	-0.039277	0.69897
0.92788	0.0067971	0.37282
0.091272	0.32208	0.9423
0.61099	0.17436	0.7722
0.74703	0.33528	0.57404
0.9822	-0.17932	0.055873
-0.47912	-0.43269	0.76369
0.278	0.30618	0.91048
0.84887	0.07761	0.52287
0.31873	-0.86407	0.3896
-0.05929	0.92757	0.36892
0.31567	-0.38897	0.86548
0.18865	-0.81046	0.55459
-0.72892	-0.68351	0.038574
-0.86759	0.36766	0.33483
0.53562	0.33606	0.77471
0.66998	0.0082556	0.74233
0.15694	-0.26718	0.95078
0.62599	0.76083	0.1711
0.15978	0.75041	0.64137
0.25725	-0.83899	0.4795
0.99456	0.10302	0.015164
-0.99932	0.031456	0.0191
0.5353	0.23584	0.81107
0.47501	0.87088	0.12622
0.77868	-0.51869	0.35301
-0.29468	-0.26235	0.91888
0.43716	-0.89512	0.087504
-0.6723	0.35418	0.65005
-0.40031	0.62786	0.66749
-0.65673	-0.35045	0.66775
-0.46636	0.77972	0.41778
0.45321	0.39239	0.80039
0.98732	0.10246	0.12127
0.49728	0.86725	0.024358
-0.0077702	0.17897	0.98382
-0.86945	0.21308	0.4457
0.68333	0.31013	0.66097
-0.29005	-0.62294	0.72651
-0.48063	-0.57716	0.66022
0.65131	-0.1781	0.73761
-0.41533	0.53787	0.73362
0.077892	-0.095627	0.99237
0.94434	-0.086933	0.31728
-0.25648	0.87166	0.41765
-0.28405	0.24981	0.9257
0.22355	-0.7428	0.63109
0.15252	-0.70113	0.69653
0.3688	0.34938	0.86135
-0.23053	-0.69906	0.67688
-0.71397	-0.5841	0.38609
-0.77281	-0.35579	0.52553
0.56465	0.81949	0.097964
0.093596	0.42044	0.90248
0.57821	-0.79871	0.16652
-0.68991	0.72023	0.072751
-0.82316	-0.14853	0.54804
-0.019055	0.78426	0.62014
-0.56658	-0.81561	0.11731
0.80518	-0.14598	0.57478
-0.60825	0.31935	0.72666
-0.58699	-0.80951	0.011316
-0.1617	-0.98673	0.014807
-0.18957	0.29776	0.93563
0.093282	0.85929	0.50291
0.78613	0.61805	0.0025937
0.90472	0.19101	0.3808
0.34867	-0.067841	0.93479
-0.99291	-0.0090902	0.11849
0.70405	0.69617	0.14022
0.0050583	-0.59611	0.80289
-0.63517	-0.63531	0.43924
-0.95387	-0.10441	0.28149
-0.83679	0.058486	0.54439
0.055755	-0.99553	0.076226
0.26496	-0.0068144	0.96424
0.52349	0.026605	0.85161
-0.93914	-0.28077	0.19795
0.84707	0.36782	0.38364
-0.31606	-0.38413	0.8675
-0.21791	-0.3214	0.92153
0.90546	-0.087017	0.41542
0.86126	-0.35574	0.36288
-0.78174	-0.61499	0.10328
-0.47286	0.6558	0.58849
0.32926	0.6221	0.71033
-0.83743	-0.30598	0.45287
-0.82945	0.51277	0.22156
0.42698	0.57583	0.69721
0.37538	0.82548	0.42151
0.90982	-0.27176	0.31365
-0.88622	0.0054069	0.46323
0.20248	0.97397	0.10191
0.44821	0.86482	0.22627
0.60936	0.3742	0.69904
-0.20975	0.95329	0.21734
0.24725	0.92956	0.27347
-0.27522	0.35182	0.8947
-0.51995	-0.33219	0.78696
0.64709	0.6815	0.34181
0.25393	-0.66586	0.70153
0.39056	-0.73846	0.54967
-0.57159	-0.39311	0.72024
-0.10188	-0.6131	0.7834
-0.81097	0.4182	0.4092
-0.02478	-0.8559	0.51656
-0.11033	0.97504	0.19267
-0.97857	0.043911	0.20116
0.66087	-0.73504	0.15155
0.79319	0.064286	0.60557
0.57314	-0.23771	0.78423
-0.70607	0.65394	0.2717
0.08155	0.010957	0.99661
0.36662	0.73963	0.56438
0.8586	0.27471	0.43282
0.51361	-0.078105	0.85446
0.41591	0.84953	0.32452
-0.20535	-0.2171	0.95431
0.76741	-0.23391	0.59696
0.68569	0.60278	0.40803
0.37923	0.91298	0.15054
0.58866	-0.72903	0.34928
-0.38689	0.70675	0.5923
-0.81294	0.26288	0.51963
0.97027	-0.17982	0.16197
0.004632	0.48151	0.87643
-0.075674	-0.53732	0.83997
-0.70017	-0.40482	0.58812
0.24595	-0.96172	0.12081
-0.72939	-0.61745	0.29453
-0.51676	-0.78887	0.33263
-0.55093	-0.67836	0.48611
0.91927	-0.36133	0.15612
0.45053	-0.76473	0.46065
0.079934	-0.65192	0.75406
0.27483	0.20447	0.9395
0.1066	-0.56607	0.81743
0.88131	0.0010468	0.47254
-0.70101	0.69127	0.17532
0.11885	-0.77354	0.6225
0.84717	-0.52977	0.040608
0.53991	-0.71476	0.44454
0.6842	-0.086333	0.72417
-0.22246	-0.41264	0.88331
-0.76573	0.21085	0.60762
-0.09189	-0.9421	0.32249
0.27931	-0.58039	0.76494
-0.39142	-0.0028584	0.92021
-0.34131	0.49803	0.79717
-0.86733	0.49591	0.042507
-0.93863	-0.34351	0.031347
-0.092881	-0.81208	0.57611
-0.061238	0.63087	0.77347
-0.47684	-0.16245	0.86385
-0.4267	-0.82333	0.37423
-0.13646	-0.98453	0.1099
0.31818	0.88386	0.34285
0.12586	0.99159	0.030229
0.11482	0.90693	0.40534
0.68075	0.10588	0.72482
-0.10794	0.031939	0.99364
0.1903	0.86234	0.46921
0.72069	0.69233	0.0359
0.41072	0.65607	0.63315
0.30652	-0.92973	0.2041
-0.63012	-0.18572	0.75396
-0.5753	-0.71843	0.391
-0.10161	0.82292	0.559
0.45936	-0.84308	0.27966
0.46493	-0.48873	0.73823
0.071026	-0.20263	0.97668
-0.28773	0.94771	0.13805
0.82189	-0.24813	0.51276
0.73661	0.42779	0.52383
0.12671	-0.47245	0.8722
-0.46145	0.24265	0.85334
0.27026	0.10009	0.95757
0.76415	-0.33181	0.55315
-0.43293	0.44344	0.78482
-0.51993	-0.63104	0.57572
0.74746	-0.59719	0.29098
0.27994	0.40431	0.87073
-0.15334	-0.48221	0.86253
-0.87745	0.45826	0.14167
-0.011282	0.074326	0.99717
-0.47935	0.040892	0.87667
-0.70661	0.16147	0.68893
0.50009	0.60823	0.61641
0.67909	-0.49254	0.54427
-0.96558	-0.17879	0.18889
0.55146	-0.43562	0.71143
-0.79942	-0.60075	0.005239
0.50369	-0.18432	0.84399
-0.77688	0.11023	0.61992
-0.42819	-0.66241	0.61471
0.46509	0.6922	0.55186
0.97815	0.19506	0.071957
0.27357	-0.96166	0.01935
-0.16519	0.98618	0.012361
-0.26674	-0.75731	0.59609
-0.46514	0.72672	0.5055
0.96222	0.0080311	0.27214
-0.32519	0.88272	0.3392
0.51683	0.71929	0.46424
0.17211	-0.052524	0.98368
-0.82905	0.16112	0.53545
0.87711	0.46318	0.12702
0.016067	0.8987	0.43828
-0.6064	-0.29111	0.73996
0.29271	-0.7768	0.55759
0.97251	-0.086605	0.21616
0.47247	0.7881	0.39455
0.020046	0.57701	0.81649
0.050916	-0.98224	0.18059
0.75929	0.53367	0.37239
-0.96985	-0.24369	0.0040926
0.042713	-0.89109	0.45181
-0.32381	-0.54538	0.77312
-0.78786	0.36349	0.49714
0.45435	0.29381	0.84098
0.81355	-0.027702	0.58083
0.16552	-0.16039	0.97308
-0.36074	-0.87898	0.31186
-0.003771	0.84563	0.53375
0.99792	0.0086191	0.063826
0.11914	0.60655	0.78607
0.35665	-0.80596	0.47248
-0.91961	0.35981	0.15766
0.88917	-0.44673	0.098985
-0.50535	0.48127	0.71624
0.90815	0.3775	0.18096
-0.30624	0.92136	0.2394
0.77409	0.624	0.10684
-0.38851	-0.8978	0.20738
0.1805	0.15934	0.97058
-0.27824	0.81564	0.50726
0.084911	0.11658	0.98954
-0.78796	-0.53833	0.29887
0.41303	-0.82821	0.37878
-0.63746	0.1215	0.76084
-0.6136	0.78856	0.040711
-0.41764	0.8359	0.35616
-0.90826	-0.30065	0.29098
0.52873	0.13387	0.83817
0.61585	-0.78483	0.069014
-0.89715	-0.43866	0.051897
-0.10425	0.13609	0.9852
0.42	0.76622	0.48631
0.79401	0.54296	0.27339
0.4182	-0.2359	0.87719
-0.29088	-0.92424	0.24732
-0.18028	0.8526	0.49049
0.85597	0.46321	0.22969
0.2999	-0.48762	0.81993
-0.76982	0.60606	0.20018
0.55548	0.64066	0.53009
-0.65732	-0.49974	0.56408
-0.86202	-0.20029	0.46562
0.71586	0.51758	0.46868
0.83594	0.54428	0.070426
-0.53783	0.28267	0.79425
0.3509	0.90298	0.24797
-0.55247	0.18276	0.81325
0.036041	0.6619	0.74872
0.16977	-0.98434	0.047525
-0.44607	0.34304	0.82665
-0.89805	0.26455	0.35147
0.42801	-0.12774	0.8947
-0.99057	0.13698	0.0031421
0.25543	0.75957	0.59817
0.7524	-0.4234	0.5046
-0.20517	-0.11386	0.97208
-0.21673	-0.95944	0.18027
0.93961	0.10151	0.32686
-0.014155	-0.031	0.99942
-0.62789	0.76456	0.14563
-0.76599	-0.49987	0.40422
0.54573	-0.79431	0.26693
-0.72049	0.40789	0.56081
0.015146	-0.9376	0.34737
-0.73634	-0.45511	0.50068
0.93975	0.1958	0.28022
-0.35603	0.4007	0.84421
-0.91413	0.31434	0.25604
-0.32622	0.59174	0.73718
-0.52751	-0.48991	0.69406
-0.56147	0.081885	0.82343
-0.20316	-0.55271	0.80823
0.67959	0.69247	0.24214
-0.24251	-0.96702	0.077875
-0.16236	-0.90694	0.38871
-0.020312	-0.96737	0.25255
0.57179	-0.63894	0.5146
0.37404	-0.5367	0.75634
-0.11815	-0.96915	0.21629
-0.27297	-0.48315	0.8319
-0.33171	-0.68569	0.64792
-0.66626	0.50813	0.5458
-0.74726	0.30999	0.5878
-0.78027	0.0083748	0.62539
-0.91632	0.16041	0.36691
-0.29737	0.045903	0.95366
0.92913	0.28811	0.23176
0.34414	-0.93339	0.10171
-0.64088	-0.081817	0.76326
-0.68941	-0.54531	0.4768
0.40218	-0.89559	0.19021
0.51676	0.52355	0.67739
0.60021	0.46681	0.64949
0.36632	0.44626	0.81649
0.23908	0.60725	0.75769
-0.76042	0.64125	0.10277
-0.1817	0.3992	0.89868
0.097717	0.51551	0.85129
-0.70563	-0.14264	0.69408
-0.92522	-0.048789	0.37629
0.74036	0.012384	0.6721
-0.26613	0.96327	0.035869
-0.5478	0.82862	0.11534
0.3922	-0.44202	0.80672
-0.80286	-0.25388	0.53941
0.04081	0.94037	0.33768
-0.367	-0.74002	0.56363
0.85979	0.17838	0.47849
0.80196	0.35523	0.48029
0.24978	-0.22355	0.94214
-0.094985	0.34206	0.93487
0.84229	-0.44212	0.30834
0.36209	0.14627	0.92059
0.28158	0.85471	0.4361
0.59809	-0.55687	0.57635
0.25824	-0.11535	0.95917
-0.65516	-0.67259	0.34407
-0.84736	0.31556	0.42709
-0.45947	0.88399	0.086258
-0.54914	-0.2266	0.80443
-0.46301	-0.26571	0.84559
-0.63277	0.69423	0.34299
-0.98275	-0.16074	0.091509
0.75341	0.62333	0.20934
-0.5616	-0.12247	0.81829
0.44139	0.4887	0.75256
0.70566	-0.59115	0.39062
0.028248	-0.50819	0.86078
0.81458	-0.52354	0.24971
-0.81836	-0.54399	0.18536
0.69561	-0.40146	0.59578
-0.75893	-0.19979	0.61977
0.89953	0.09559	0.42628
-0.50089	-0.86383	0.05389
0.18442	0.81243	0.55312
-0.95033	0.3023	0.074013
-0.47997	-0.86204	0.16284
-0.37915	0.19853	0.90379
-0.26296	-0.89865	0.3511
0.56308	0.73906	0.36979
-0.47282	0.142	0.86964
0.48084	-0.39242	0.78409
0.27765	0.94444	0.17592
-0.73361	-0.30337	0.6081
0.78825	-0.61244	0.059866
-0.6458	0.44692	0.61903
-0.42668	-0.37114	0.82474
0.9239	0.37484	0.076763
0.51035	0.8066	0.29824
0.95843	0.28451	0.021326
-0.29787	-0.15847	0.94136
0.013644	-0.79741	0.60328
-0.74461	0.6675	0.00050491
-0.00069855	0.38314	0.92369
0.80579	0.16525	0.56867
0.61262	0.27626	0.74053
-0.82636	0.46672	0.31511
0.62522	-0.65637	0.42223
-0.055623	-0.74941	0.65977
0.22252	-0.43255	0.87372
-0.76565	0.515	0.38543
0.73742	-0.6638	0.12483
0.047714	-0.72832	0.68357
0.36921	-0.88257	0.29111
-0.8905	-0.25049	0.37982
-0.082172	0.88037	0.46712
-0.12736	-0.38293	0.91496
0.44511	0.087183	0.89122
0.15052	-0.86887	0.4716
0.17653	0.054347	0.98279
-0.1993	0.79111	0.57829
-0.55407	0.59206	0.58522
0.27725	0.50045	0.82017
-0.54301	-0.80878	0.22585
-0.77135	0.56416	0.29453
-0.9224	-0.36232	0.1338
0.062578	-0.30781	0.94939
-0.84355	-0.53074	0.082139
-0.075608	0.54058	0.83789
-0.025096	-0.67485	0.73753
-0.19698	-0.81632	0.54298
-0.91399	0.40161	0.057742
-0.004176	0.28217	0.95936
-0.93913	0.21024	0.27171
0.74907	0.23865	0.61801
-0.13904	0.67948	0.7204
-0.18874	0.97529	0.11483
-0.31024	0.67711	0.66729
0.23776	-0.33003	0.91354
-0.62616	-0.75864	0.17995
0.93866	-0.2725	0.21132
-0.82428	0.55205	0.12568
-0.16994	0.49889	0.84984
0.019345	0.99791	0.06163
-0.84771	-0.46925	0.24736
-0.64255	0.020526	0.76597
0.66374	0.49464	0.56105
0.82547	0.45748	0.33063
0.097601	0.98637	0.13248
-0.88255	0.10915	0.45738
-0.2993	-0.056179	0.9525
0.83538	-0.53164	0.13962
0.18131	-0.61934	0.7639
-0.11004	-0.072421	0.99129
-0.19197	-0.93891	0.28565
-0.2957	0.75195	0.58917
0.95682	-0.27038	0.10675
-0.3738	-0.45682	0.80721
0.10904	-0.91749	0.38253
0.91291	-0.17981	0.36643
0.98997	-0.086195	0.11195
0.14149	-0.97912	0.14595
0.74388	0.13552	0.65443
0.88238	0.37565	0.28337
-0.3841	0.90924	0.16045
-0.33153	-0.84818	0.41313
-0.15834	0.90458	0.39581
-0.20442	-0.010873	0.97882
-0.15627	0.59258	0.79021
-0.89293	-0.3822	0.23792
-0.61746	-0.44899	0.64587
0.86697	-0.17333	0.46724
-0.31775	-0.93736	0.14276
-0.70772	-0.69273	0.13881
0.80218	-0.4343	0.40975
0.58789	-0.13137	0.7982
-0.024549	-0.2428	0.96976
0.8194	0.54666	0.17247
0.59919	-0.034753	0.79985
0.77961	-0.59818	0.18545
0.72141	-0.18429	0.66753
-0.48859	0.82266	0.29071
0.35598	0.040472	0.93362
0.52574	-0.84708	0.077727
-0.1333	0.94613	0.29508
-0.70414	0.60977	0.36383
-0.52945	0.84826	0.011642
-0.67973	-0.69319	0.23971
-0.29195	0.14788	0.94493
0.20459	-0.52918	0.82348
-0.23172	-0.86202	0.4508
-0.16164	-0.75989	0.62964
-0.37199	-0.30471	0.8768
-0.92591	0.054361	0.3738
-0.96998	0.15274	0.18925
-0.21663	0.72028	0.65899
-0.58527	0.41631	0.69581
0.59842	0.75369	0.27174
-0.088558	0.44264	0.89232
0.53401	-0.52742	0.66081
-0.11183	-0.17712	0.97782
0.21395	0.90422	0.36962
0.68305	0.21088	0.69927
-0.041545	0.7132	0.69973
0.047372	-0.41118	0.91032
0.40555	-0.34195	0.8477
-0.3003	-0.80696	0.50856
-0.032546	-0.34585	0.93773
0.34028	-0.17689	0.92354
-0.95875	-0.0055114	0.28419
-0.037835	-0.99856	0.038112
-0.95033	0.25786	0.17428
0.30435	0.94947	0.076667
0.61813	-0.46894	0.63089
-0.97968	-0.078358	0.1846
0.32439	-0.7051	0.63056
0.88862	0.45808	0.022637
0.49149	-0.29158	0.82062
0.93266	-0.35716	0.050879
-0.38692	-0.60433	0.69648
0.30073	0.80232	0.51559
-0.017085	-0.13673	0.99046
-0.93647	-0.20297	0.28605
0.96438	0.19622	0.17738
-0.40006	0.87897	0.25954
-0.23057	0.91925	0.31908
-0.57554	0.51284	0.63698
-0.8106	0.58494	0.027821
0.64687	0.75956	0.068063
0.707	-0.66992	0.22665
-0.41153	-0.90601	0.098965
0.48331	-0.69266	0.53538
-0.37914	0.85958	0.31222
-0.6105	-0.21552	0.74896
0.5668	0.61836	0.52581
0.42684	-0.89078	0.066496
0.10182	0.61686	0.7676
-0.69822	-0.65393	0.25489
0.045455	-0.61076	0.77782
0.83753	0.15337	0.50509
-0.83063	0.30865	0.44147
-0.77393	0.58383	0.20067
-0.78257	-0.087569	0.60001
0.93707	0.17401	0.26782
0.67338	-0.33287	0.64487
0.13537	0.87282	0.44716
0.95149	0.021158	0.2726
-0.10743	0.70188	0.68988
0.78249	0.49826	0.34574
0.13743	0.27279	0.9417
0.51077	-0.18588	0.82744
0.88099	0.23489	0.38573
-0.29602	0.5122	0.7938
0.97786	0.15438	0.0074738
-0.84601	0.50016	0.11921
0.22899	0.38564	0.88258
0.34004	0.92071	0.12948
-0.029779	-0.49878	0.85465
-0.42547	-0.83672	0.3146
-0.63702	-0.74072	0.16011
-0.69731	0.63648	0.29792
-0.28288	-0.88738	0.33561
0.29141	-0.88225	0.34177
-0.23718	-0.59401	0.75564
-0.19321	0.027463	0.97058
0.076517	0.80315	0.57375
0.059014	0.96689	0.20429
0.64929	0.70745	0.24092
-0.67601	-0.092658	0.7173
-0.75167	0.3323	0.55196
-0.67302	-0.55846	0.46397
0.01605	-0.11532	0.98313
0.033401	0.7162	0.68267
0.74824	0.21874	0.61024
-0.74686	-0.55154	0.34367
-0.045683	0.61013	0.7783
0.93135	-0.27094	0.19821
0.6541	-0.67408	0.31283
-0.10717	0.15594	0.97175
0.027535	0.92912	0.34069
-0.74808	-0.63794	0.11619
-0.49835	-0.83444	0.18829
0.80176	0.29849	0.49819
0.77947	0.06793	0.60655
0.5062	-0.051178	0.84926
-0.31701	0.28328	0.89407
-0.25395	-0.35711	0.88774
-0.93262	0.24366	0.22574
0.85195	-0.15868	0.47864
0.56679	-0.76936	0.25873
-0.88074	-0.41588	0.1773
-0.47689	0.025854	0.86719
0.15739	-0.11978	0.97004
0.68183	-0.52149	0.49321
-0.33982	0.62229	0.69092
0.91169	-0.070837	0.37935
0.25768	-0.67995	0.67184
-0.84029	-0.31595	0.41736
0.68079	0.55846	0.45248
-0.3365	-0.22924	0.90239
-0.94863	0.26956	0.086872
-0.54287	-0.66015	0.4996
0.32096	-0.7465	0.56553
-0.26488	-0.7725	0.55962
-0.32357	-0.67607	0.64678
-0.53358	-0.33653	0.76298
0.74876	-0.61187	0.21231
0.6382	0.49162	0.57542
-0.21658	-0.94331	0.20823
-0.16886	0.28303	0.93353
-0.35077	-0.81203	0.44461
0.090318	-0.86516	0.4727
-0.12674	-0.10774	0.97592
0.30789	0.90009	0.2741
0.53104	0.77533	0.31138
-0.83362	-0.43078	0.3156
-0.94603	0.093662	0.27634
-0.47652	-0.22336	0.83853
0.096067	-0.25247	0.95243
-0.72773	0.0329	0.6704
0.74957	0.43337	0.48004
-0.39863	0.15573	0.89271
0.43931	0.85889	0.22228
0.40586	0.82488	0.36735
0.39009	-0.2055	0.8864
-0.1394	-0.97663	0.082812
-0.23658	0.92298	0.26878
0.6196	-0.10764	0.7646
-0.94699	-0.16562	0.23637
0.73728	-0.3927	0.53133
0.40927	-0.4509	0.78057
-0.63352	0.39279	0.65151
-0.43222	0.51715	0.72515
0.88511	-0.4132	0.16111
0.63861	0.2779	0.70359
-0.08757	0.95844	0.23198
-0.70843	0.55636	0.41072
-0.4183	-0.8939	0.077936
0.016728	0.50742	0.84991
-0.93884	-0.28183	0.13876
0.60097	0.043385	0.78552
0.2966	-0.11993	0.93688
-0.31864	0.93655	0.037911
-0.11822	-0.79489	0.57817
0.90738	0.38002	0.1111
-0.097612	-0.60924	0.77421
-0.8098	0.48885	0.29214
-0.90494	0.40022	0.031877
-0.20374	0.61197	0.75106
-0.60357	0.58825	0.51939
-0.82321	0.041607	0.54836
0.78975	-0.44153	0.4018
0.38929	-0.022607	0.90997
0.16688	0.50624	0.83425
-0.35405	-0.90156	0.2048
0.98977	0.0059777	0.020687
0.40805	-0.64314	0.63243
-0.076577	0.79113	0.59022
-0.5125	0.40238	0.74534
0.70989	0.61202	0.31872
0.70075	0.35996	0.59957
0.42885	-0.83057	0.3261
-0.41353	-0.71835	0.54135
-0.38085	0.40177	0.82075
-0.072383	-0.96329	0.21666
-0.89373	0.38504	0.18193
-0.56256	-0.45792	0.67375
0.76729	0.6231	0.055732
-0.05595	-0.87002	0.46907
0.11132	-0.70453	0.68655
0.15003	-0.91415	0.34916
0.19214	-0.5945	0.76795
0.48553	-0.52827	0.68212
-0.59799	0.74545	0.25847
0.26615	-0.47624	0.82611
0.58125	0.41401	0.68618
0.56392	0.18942	0.79134
-0.68064	-0.44056	0.5681
0.9336	-0.32384	0.060202
0.62045	-0.46841	0.61297
-0.11111	-0.37136	0.91096
-0.39742	-0.34773	0.8374
0.28981	-0.94375	0.073854
-0.26162	0.79365	0.53082
0.028236	-0.79777	0.58554
-0.26414	0.86691	0.39849
0.9508	0.24282	0.13084
0.59708	0.78932	0.02396
0.47732	0.094448	0.86218
-0.4993	0.69804	0.4935
-0.48479	0.83546	0.21699
0.22084	0.7955	0.54636
0.45073	0.45971	0.75207
0.90489	0.086322	0.39221
0.51603	0.54435	0.64614
-0.14515	0.84938	0.48743
-0.72435	-0.21268	0.64046
0.033365	-0.37875	0.91408
0.24511	0.0133	0.95909
-0.17165	-0.48859	0.84375
0.38442	0.58389	0.70099
0.34202	0.12129	0.92109
-0.19239	-0.23604	0.942
0.52478	-0.74098	0.39453
-0.46893	-0.60319	0.62957
0.37313	0.36496	0.84124
0.089044	0.98396	0.063272
-0.17999	-0.7028	0.67363
0.48588	0.73224	0.45591
0.31158	0.49121	0.80108
0.74119	-0.65356	0.059993
-0.056774	0.98373	0.095706
0.043524	0.1509	0.97746
-0.58651	-0.55119	0.57644
0.82943	-0.30767	0.4444
0.34252	-0.90569	0.20619
0.84515	0.50806	0.087709
-0.3753	0.71161	0.57694
0.44293	0.66487	0.5847
-0.90765	-0.39362	0.036506
-0.47553	0.61436	0.61362
0.88176	-0.45007	0.0056868
-0.45617	0.8753	0.076484
-0.90025	-0.30241	0.27964
0.28775	0.25692	0.91175
0.16988	0.92401	0.31216
-0.56163	0.50832	0.6374
-0.65102	-0.33555	0.66609
-0.57866	0.27655	0.75417
-0.14171	0.51055	0.83628
0.22992	0.96254	0.027297
-0.35107	0.90866	0.17662
-0.60479	0.67475	0.39881
0.42923	0.23215	0.86137
-0.68669	0.46847	0.53767
0.59846	-0.26324	0.7434
-0.67878	-0.72049	0.0159
0.4704	-0.69986	0.51868
-0.31128	-0.46899	0.8144
0.70647	-0.019196	0.69328
0.24547	0.60841	0.74141
-0.6539	0.14497	0.72904
-0.54769	-0.10045	0.81856
0.27318	0.85696	0.41364
0.68156	0.13293	0.70563
0.33906	-0.56998	0.73502
-0.83698	0.18219	0.49637
-0.5686	-0.75788	0.28708
0.87112	-0.35991	0.30286
0.2087	-0.94338	0.21584
-0.202	-0.85391	0.45841
0.24151	-0.25108	0.92668
-0.38778	0.79228	0.44946
0.23546	-0.84065	0.46686
0.56428	-0.8076	0.097337
0.0063533	-0.9264	0.34906
-0.49916	0.77592	0.35902
0.82419	-0.53745	0.10932
0.66246	-0.71809	0.15998
0.97118	-0.17186	0.085874
0.37869	-0.79639	0.44995
-0.68424	0.69883	0.15348
0.14989	-0.97513	0.082196
-0.76248	0.16422	0.60971
-0.89565	0.068185	0.41625
0.11553	-0.49665	0.84858
-0.8966	-0.18616	0.37624
0.90278	0.31976	0.25069
0.94841	-0.13716	0.2486
0.18066	-0.37668	0.89754
0.60989	-0.63804	0.44837
0.83968	0.37216	0.36949
-0.20563	0.95907	0.13415
0.19342	0.14504	0.96003
0.97419	0.099867	0.1452
0.35778	0.77152	0.50681
-0.11776	0.91364	0.36261
-0.015918	0.27889	0.94977
-0.5327	0.15071	0.82074
0.51119	0.32735	0.78206
0.078149	0.3944	0.90468
0.78756	-0.091038	0.59293
-0.046286	0.022947	0.98865
0.77016	0.59041	0.19587
-0.98893	0.0069243	0.045433
0.77318	-0.24776	0.56649
-0.13905	-0.91873	0.34161
-0.93247	-0.048125	0.32906
-0.83883	-0.52116	0.069695
0.72835	-0.56496	0.36113
0.97811	-0.048335	0.14516
-0.45527	0.27992	0.83335
-0.87053	-0.070182	0.4662
0.069412	-0.9632	0.21799
-0.7592	-0.3223	0.54758
-0.4514	-0.45853	0.75239
-0.76723	0.62292	0.058637
-0.86835	0.35722	0.3138
-0.048487	-0.24653	0.95759
-0.28582	-0.94535	0.068723
0.17465	-0.78157	0.58201
-0.078265	0.39947	0.90244
-0.82327	-0.19909	0.51253
0.84752	0.4585	0.22713
-0.76612	-0.43971	0.44701
0.85515	-0.0023787	0.4988
0.70342	-0.18078	0.67277
-0.25564	0.15809	0.94327
-0.66513	0.73323	0.0088096
-0.68883	0.26728	0.65892
0.54914	-0.40156	0.71923
0.81729	-0.49361	0.2617
0.56152	0.79815	0.16661
0.17365	0.71425	0.66317
-0.97552	-0.14026	0.093777
-0.89921	0.20708	0.35865
-0.27044	-0.10272	0.94679
0.3111	0.69707	0.6304
0.33194	-0.34812	0.86529
-0.57824	0.79594	0.11049
0.47241	0.86707	0.071475
-0.97236	0.12536	0.13751
0.60405	0.67881	0.39299
0.55237	-0.59063	0.57108
-0.41159	-0.10063	0.89475
0.46663	-0.32243	0.81142
-0.60743	0.021923	0.78144
-0.5629	-0.81201	0.062355
-0.77908	0.43812	0.42566
0.0052981	-0.98658	0.081989
-0.0049764	0.8706	0.47131
-0.48974	-0.75571	0.41129
-0.97184	-0.023	0.18734
-0.80274	-0.5397	0.21081
-0.23399	0.71831	0.63983
-0.62655	-0.66592	0.37958
0.20189	0.95391	0.17143
-0.23337	0.40215	0.87402
0.68032	0.71149	0.10511
-0.37396	-0.56632	0.72078
0.4708	-0.84906	0.19374
0.10009	0.017218	0.98478
-0.33767	0.028419	0.9302
0.89893	-0.22346	0.34941
-0.035094	-0.71253	0.68642
-0.81942	-0.58948	0.03421
-0.46165	0.87275	0.2128
-0.57196	-0.16739	0.81544
0.52987	0.75201	0.41691
0.52609	-0.84492	0.17157
0.066503	0.74065	0.68345
-0.63306	-0.68783	0.38239
0.13479	-0.49751	0.86857
0.85123	0.30758	0.44823
-0.85916	0.29409	0.44211
-0.83787	0.54147	0.15776
-0.76463	-0.076779	0.65539
0.94204	0.30368	0.20107
0.739	-0.17691	0.66535
0.063571	0.95501	0.32251
0.97242	0.15209	0.22663
-0.1571	0.79479	0.6031
0.75482	0.62605	0.24167
0.14361	0.42326	0.90572
0.56524	-0.018438	0.83682
0.88295	0.3765	0.31423
-0.32556	0.60095	0.74362
-0.52398	-0.86177	0.053795
-0.90523	0.43867	0.090717
0.22299	0.537	0.82584
-0.72497	-0.69688	0.094241
0.049657	-0.38108	0.93403
-0.33569	-0.83677	0.45523
-0.56535	-0.78287	0.29596
-0.76219	0.6158	0.24487
-0.18515	-0.87096	0.47671
0.39718	-0.80968	0.45472
-0.15441	-0.51105	0.85737
-0.16584	0.14899	0.98509
0.01526	0.89756	0.46287
-0.031736	1.0072	0.067823
0.5948	0.80843	0.11291
-0.65202	-0.054734	0.7694
-0.77772	0.34139	0.54655
-0.61012	-0.55928	0.57884
0.061433	0.027375	1.0078
-0.01592	0.8217	0.58707
0.75755	0.37987	0.54947
-0.68982	-0.57677	0.45998
-0.082093	0.72125	0.70226
0.97923	-0.15425	0.19346
0.74294	-0.56969	0.37895
-0.091608	0.28659	0.96414
-0.055189	0.98589	0.21231
-0.68998	-0.69656	0.24254
-0.41415	-0.8597	0.33091
0.7999	0.44904	0.42263
0.80448	0.23072	0.5654
0.54762	0.11969	0.84017
-0.32012	0.38324	0.87792
-0.19108	-0.25544	0.9583
-0.96333	0.18782	0.23835
0.89677	-0.0085789	0.46458
0.66223	-0.68167	0.34188
-0.84513	-0.47725	0.27944
-0.45699	0.10518	0.89454
0.20484	0.034598	0.9884
0.76164	-0.3876	0.53831
0.039955	-1.0054	0.08766
-0.38471	0.69259	0.62644
0.94504	0.071165	0.34919
0.35354	-0.56194	0.76114
-0.80612	-0.33828	0.5058
0.64914	0.69218	0.34584
-0.28737	-0.13271	0.95912
-0.98693	0.1923	0.095319
-0.46651	-0.64386	0.62283
0.42092	-0.63809	0.66013
-0.17098	-0.72143	0.68586
-0.23739	-0.61756	0.76313
-0.48111	-0.27963	0.84287
0.82921	-0.51253	0.26423
0.61692	0.63861	0.48134
-0.11651	-0.93918	0.3528
-0.16844	0.40293	0.9107
-0.258	-0.78601	0.57942
0.19587	-0.79295	0.59411
-0.084454	0.020225	1.0063
0.22994	0.97406	0.13574
0.47031	0.87547	0.18018
-0.79111	-0.46776	0.41887
-0.95993	0.043031	0.3111
-0.43219	-0.14947	0.90054
0.15555	-0.10725	0.99217
-0.71888	0.059761	0.70692
0.7326	0.57701	0.38789
-0.38997	0.24696	0.89835
0.3657	0.93781	0.082921
0.34016	0.92132	0.23572
0.44682	-0.041268	0.90485
-0.039073	-0.98334	0.22718
-0.32496	0.94394	0.15324
0.66554	0.061628	0.7572
-0.93584	-0.2235	0.30716
0.80606	-0.24728	0.55607
0.48769	-0.30141	0.83151
-0.66063	0.42792	0.63289
-0.46657	0.58292	0.68015
0.94555	-0.30706	0.17817
0.64347	0.44227	0.64066
-0.17865	0.98862	0.10398
-0.76147	0.55044	0.3705
-0.33062	-0.92769	0.22402
-0.0058745	0.63431	0.78595
-0.91904	-0.35362	0.22452
0.63197	0.21469	0.75804
0.34496	0.043048	0.94829
-0.019282	-0.72715	0.7007
0.88561	0.48535	0.015416
-0.010636	-0.51026	0.87156
-0.86147	0.45572	0.26512
-0.95779	0.31994	0.019397
-0.24356	0.70396	0.68207
-0.65465	0.60826	0.4707
-0.82078	0.041734	0.58709
0.19086	-0.98835	0.082719
0.731	-0.69304	0.073722
0.85988	-0.31001	0.42966
0.42816	0.14593	0.90304
0.14605	0.64531	0.76312
-0.26035	-0.91091	0.35007
0.50102	-0.51615	0.70899
-0.13827	0.87312	0.48851
-0.53564	0.46273	0.72047
0.66866	0.72954	0.20192
0.69461	0.51574	0.52118
0.53081	-0.74676	0.42508
-0.32794	-0.68391	0.66695
-0.39945	0.48566	0.79037
0.032104	-0.94418	0.3572
-0.93978	0.32739	0.17245
-0.50118	-0.41732	0.77121
0.33405	-0.95097	0.064572
0.87305	-0.50782	0.0023671
0.047846	-0.81244	0.59813
0.20807	-0.5986	0.78644
0.25725	-0.85428	0.47342
0.28161	-0.46848	0.84931
0.5696	-0.38605	0.73934
-0.67388	0.72921	0.18502
0.34662	-0.33408	0.88789
0.57081	0.57108	0.60675
0.57969	0.35879	0.74521
-0.62633	-0.42646	0.66779
0.98221	-0.22711	0.061466
0.69803	-0.32287	0.65468
-0.043933	-0.25268	0.9769
-0.3393	-0.26707	0.91304
0.39271	-0.91029	0.19298
-0.32828	0.8493	0.43706
0.61081	-0.80256	0.05383
0.12985	-0.7149	0.70153
-0.3428	0.90363	0.29334
0.94431	0.35443	0.052497
0.50392	0.26519	0.83417
-0.56094	0.72493	0.42418
-0.56961	0.82461	0.12511
0.16153	0.8998	0.42939
0.43597	0.61398	0.6731
0.92256	0.23037	0.34046
0.48999	0.69007	0.55118
-0.21727	0.91027	0.37987
-0.69144	-0.19113	0.71097
0.1035	-0.24576	0.97416
0.27989	0.17524	0.95449
-0.095682	-0.38605	0.92839
0.35431	0.72508	0.6073
0.36591	0.28766	0.89636
-0.13913	-0.11997	0.99315
0.62133	-0.6376	0.47699
-0.39288	-0.56075	0.7425
0.36994	0.52411	0.7801
-0.088096	-0.62675	0.7871
0.4338	0.84864	0.33426
0.29325	0.63933	0.72482
0.8206	-0.57714	0.11669
0.06198	0.29685	0.9634
-0.51928	-0.52744	0.68721
0.88793	-0.16548	0.45199
0.44681	-0.84788	0.31869
-0.43368	0.76254	0.50056
0.40146	0.79535	0.47576
-0.98748	-0.21172	0.01293
-0.87948	-0.47776	0.13549
-0.52422	0.66041	0.55601
0.94064	-0.36686	0.026617
-0.94461	-0.34889	0.07799
-0.87301	-0.35029	0.36777
0.29672	0.41745	0.87051
0.088775	0.99032	0.17742
-0.59994	0.54896	0.59901
-0.60366	-0.30391	0.75056
-0.58963	0.33114	0.75019
-0.1674	0.62025	0.77934
0.47345	-0.89086	0.048137
-0.44278	0.90524	0.067701
-0.6688	0.67772	0.33691
0.44107	0.39888	0.81636
-0.72615	0.48248	0.50992
0.65924	-0.099899	0.75863
-0.61467	-0.78735	0.14956
0.56618	-0.58358	0.59914
-0.24034	-0.38401	0.9027
-0.39774	-0.92284	0.10133
0.74224	0.14861	0.66865
0.21221	0.74219	0.65132
-0.65341	0.18799	0.74687
-0.51761	-0.035625	0.86655
0.20385	0.94748	0.2843
0.70188	0.30094	0.66098
0.42705	-0.43444	0.8056
-0.85084	0.17425	0.51556
-0.48986	-0.77523	0.42326
0.93074	-0.23439	0.31445
0.31522	-0.89725	0.34013
-0.10233	-0.81182	0.5921
0.30209	-0.095573	0.95901
-0.4589	0.82406	0.36117
0.34042	-0.7552	0.57783
0.6581	-0.74363	0.18445
0.11272	-0.88043	0.48191
-0.5733	0.78385	0.27751
0.89466	-0.44531	0.14623
0.75071	-0.63517	0.23043
1.0057	-0.067001	0.064273
0.48065	-0.69937	0.54769
-0.76019	0.65891	0.089708
0.25425	-0.9541	0.2125
-0.76959	0.17969	0.62892
-0.90147	0.042438	0.45349
0.19666	-0.36584	0.92064
-0.87787	-0.21913	0.4488
0.89182	0.44445	0.16499
0.98462	-0.010836	0.22475
0.25216	-0.2319	0.95012
0.69901	-0.51816	0.51283
0.8265	0.5082	0.28058
-0.30181	0.96379	0.010792
0.21406	0.30286	0.93944
0.9831	0.21503	0.085913
0.30156	0.88315	0.38627
-0.20027	0.95951	0.24357
-0.01231	0.41581	0.92035
-0.52792	0.21864	0.83283
0.51182	0.49105	0.71903
0.069819	0.53449	0.85414
0.82842	0.069716	0.57355
-0.015713	0.16118	0.99693
0.72783	0.6959	0.07806
-1.0025	-0.081595	0.092241
0.82891	-0.093046	0.56952
-0.035823	-0.88778	0.48028
-0.92994	-0.09061	0.38355
-0.79553	-0.59458	0.18358
0.80878	-0.44588	0.40885
1.0022	0.066405	0.10647
-0.46211	0.35781	0.82373
-0.86019	-0.087054	0.5221
0.176	-0.93027	0.35175
-0.71878	-0.31809	0.63426
-0.38567	-0.39591	0.84535
-0.83987	0.56093	0.0085929
-0.90671	0.32088	0.30824
0.0084639	-0.11444	1.0035
-0.19129	-0.968	0.21559
0.27662	-0.68505	0.68869
-1.0081	0.058144	0.01965
-0.089461	0.52422	0.85866
-0.79753	-0.20542	0.58467
0.82082	0.57523	0.1244
-0.71725	-0.45129	0.54954
0.88477	0.15178	0.46287
0.75492	-0.017084	0.67075
-0.24342	0.27037	0.9422
-0.7037	0.29748	0.66061
0.62248	-0.2472	0.75599
0.88836	-0.37992	0.29423
0.49399	0.88046	0.029392
0.1259	0.83041	0.56095
-0.97221	-0.2213	0.16103
-0.9212	0.17343	0.37605
-0.23173	0.00725	0.98303
0.26599	0.82164	0.5237
0.40164	-0.19329	0.90633
-0.66402	0.76054	0.027624
-0.99459	0.052348	0.16779
0.55699	0.79722	0.27259
0.63999	-0.45833	0.6328
-0.26549	-0.97184	0.071783
-0.10939	-0.99947	0.095836
-0.37692	-0.01173	0.93696
0.53384	-0.16227	0.84189
-0.59195	0.076305	0.81478
-0.4862	-0.86151	0.20373
-0.82059	0.42692	0.40554
0.10871	-0.97955	0.22082
-0.077771	0.94276	0.35392
-0.40586	-0.74756	0.54455
-0.97725	-0.089573	0.23886
-0.75223	-0.5894	0.32689
-0.28887	0.79193	0.55633
-0.55489	-0.67502	0.5065
0.11342	1.0032	0.029636
-0.24806	0.5079	0.83702
-0.29719	-0.50139	0.82485
0.57076	-0.78041	0.29205
0.13324	0.16894	0.98682
-0.31388	0.13023	0.95112
0.94664	-0.087817	0.34098
0.060335	-0.62075	0.79444
