0.91017	-0.41134	0.048886
0.84866	-0.092315	0.52083
0.87581	0.23112	0.42373
0.38664	-0.80812	0.44436
0.7927	0.18627	0.58046
-0.11641	0.61875	0.77692
0.21309	0.9383	0.27238
0.55909	0.78937	0.25362
-0.35921	-0.92385	0.13214
0.23723	-0.44404	0.86403
-0.45479	-0.85603	0.24571
-0.59662	0.76478	0.24322
-0.38592	-0.60395	0.69736
0.43095	0.20888	0.87787
-0.41614	-0.2474	0.875
-0.38507	0.48703	0.78392
0.23961	-0.92915	0.28153
0.94892	-0.12316	0.2905
-0.57441	0.56861	0.58884
-0.77306	0.62744	0.093287
-0.45785	0.65562	0.60044
-0.2385	0.89916	0.36691
-0.088474	0.93483	0.3439
0.81013	0.58439	0.046705
-0.24125	-0.63683	0.73229
-0.38258	0.84331	0.37743
0.37482	0.06943	0.92449
0.77489	-0.61267	0.15547
0.3022	-0.95274	0.031008
0.76013	0.59472	0.26174
0.85657	0.082337	0.50942
-0.041227	-0.95284	0.30066
-0.35871	0.93338	0.010966
0.55581	0.21909	0.80191
-0.42098	-0.82367	0.37992
-0.58996	0.29344	0.75223
-0.49952	-0.34663	0.79393
-0.63799	0.68146	0.35858
-0.33879	-0.13902	0.93054
0.66374	0.64011	0.38693
-0.54457	0.83072	0.11554
0.91552	-0.27025	0.29797
0.95504	0.25379	0.15324
-0.13191	-0.99077	0.031082
0.35369	-0.64097	0.68122
0.15605	-0.98757	0.018623
0.31358	0.87397	0.37127
-0.80469	0.0099853	0.59361
0.11405	0.97916	0.16806
0.64905	-0.16803	0.74196
0.62113	0.77336	0.12695
-0.69492	-0.36788	0.61786
0.060313	0.75542	0.65246
-0.9833	-0.17032	0.064067
-0.27182	0.95401	0.12641
0.14466	-0.55487	0.81926
0.56618	-0.81949	0.088764
-0.45315	-0.67383	0.58362
0.17774	-0.07675	0.98108
0.34753	-0.92231	0.16904
-0.32701	0.72907	0.60127
-0.14611	-0.89081	0.43025
-0.69877	0.31267	0.6434
0.13414	-0.89669	0.42184
-0.18732	0.78495	0.59057
0.25636	-0.73497	0.62777
0.17149	0.66881	0.72339
0.45443	-0.058759	0.88884
0.57954	-0.047289	0.81357
-0.81511	-0.14152	0.56175
-0.28592	-0.86635	0.40949
-0.37076	0.0085907	0.92869
-0.9712	0.015972	0.23772
-0.55223	-0.76855	0.32306
0.49946	-0.79475	0.34483
-0.86328	0.49995	0.069219
-0.3637	0.61436	0.7002
-0.023981	-0.75478	0.65554
0.23473	0.058217	0.97032
-0.83643	0.4492	0.31402
-0.32144	-0.9063	0.2744
0.57008	-0.52565	0.63143
0.016798	0.99816	0.058254
-0.94932	0.16547	0.26724
0.52714	-0.18346	0.82974
0.75446	-0.37237	0.54049
0.69371	-0.032376	0.71953
0.25434	0.95905	0.1246
-0.22672	0.68084	0.69646
0.62336	0.091176	0.7766
0.50458	0.080736	0.85958
-0.74575	0.57516	0.33623
-0.63491	-0.66676	0.39028
-0.47127	-0.088897	0.8775
-0.2852	0.42446	0.85936
0.78862	-0.54214	0.29011
-0.70406	-0.55141	0.44749
0.53358	0.84509	0.033448
0.20523	-0.96701	0.1509
-0.042325	0.82205	0.56784
-0.48711	0.066195	0.87083
-0.20196	-0.18536	0.96169
0.34018	0.76016	0.55356
0.88987	-0.18838	0.41549
-0.94991	0.2708	0.15599
-0.1479	0.4949	0.85627
0.6009	-0.61528	0.51024
-0.090608	0.057903	0.9942
-0.64293	-0.14241	0.75257
-0.76942	0.14404	0.62229
0.1723	-0.33031	0.92801
-0.49429	0.23008	0.8383
-0.8054	-0.47028	0.36079
-0.4198	0.89775	0.13345
0.64622	-0.40488	0.64689
0.91193	-0.037851	0.40859
0.63547	0.45586	0.62319
0.38103	-0.87315	0.304
0.94395	0.18196	0.27541
-0.66523	0.7378	0.11452
-0.58507	-0.62007	0.52269
0.96546	-0.19962	0.16744
-0.6474	-0.49914	0.57596
0.22223	-0.82032	0.52697
0.38728	0.46276	0.79741
0.11826	-0.75389	0.64627
0.31144	0.67319	0.67069
0.38603	-0.43582	0.81304
0.73068	0.10439	0.67469
-0.18168	-0.93652	0.29988
-0.093482	-0.6567	0.74833
-0.44936	-0.48187	0.75225
0.068526	-0.83674	0.54329
-0.33173	0.90845	0.25429
0.39021	0.91779	0.073425
-0.756	-0.65457	0.0030516
-0.0014897	0.54232	0.84017
0.59499	-0.76743	0.23883
0.2499	0.83693	0.48693
0.83485	0.52529	0.16463
0.80987	-0.23717	0.53652
0.90576	0.38915	0.16781
-0.93535	-0.090671	0.3419
-0.58835	-0.026357	0.80818
0.55352	0.74	0.38211
0.11251	0.43834	0.89174
0.46278	-0.31385	0.82906
-0.71325	0.66285	0.22781
-0.92118	-0.23827	0.30767
0.94611	0.3228	0.026012
0.75807	-0.14015	0.63694
-0.97321	0.22916	0.018724
0.65265	0.56089	0.50937
0.060702	0.94971	0.30719
-0.58971	0.12692	0.79758
0.10336	-0.20801	0.97265
-0.22419	-0.42592	0.87655
0.85821	-0.48394	0.17111
-0.66421	0.58348	0.46732
0.27148	-0.87226	0.40676
0.70264	-0.58555	0.40426
0.37705	-0.73743	0.56038
-0.58021	-0.79452	0.17917
-0.96947	-0.13302	0.20597
-0.16901	-0.74201	0.64873
-0.07704	-0.98309	0.16611
-0.51685	0.76962	0.37492
0.35013	0.33434	0.875
0.018978	-0.3328	0.94281
0.055548	-0.66158	0.74781
-0.28665	0.82396	0.4888
0.5451	0.56991	0.61487
-0.89331	0.20566	0.39962
0.44447	0.67521	0.58867
-0.59716	0.42469	0.68047
-0.48913	0.39033	0.78
0.75452	0.52512	0.39362
0.9838	0.17787	0.022348
-0.8136	0.54416	0.20482
0.74119	-0.6711	0.01612
0.41866	0.57672	0.70151
-0.13707	-0.32063	0.93724
-0.87735	-0.19323	0.43923
-0.57845	-0.43049	0.69287
-0.17643	0.35831	0.91678
0.73567	0.44091	0.51418
-0.85062	-0.3364	0.40408
0.51446	0.46647	0.71954
-0.42431	0.75913	0.49364
-0.99471	-0.025325	0.09958
-0.0079682	-0.5582	0.82967
-0.86142	0.10273	0.4974
0.4298	0.78112	0.45291
-0.74407	-0.59263	0.30846
0.68446	-0.49888	0.53162
0.29841	-0.54776	0.78161
-0.25627	0.5622	0.7863
0.028423	0.65527	0.75486
-0.061886	0.2876	0.95575
-0.22928	-0.81233	0.53623
-0.034174	0.97832	0.20426
-0.30849	-0.52081	0.79598
-0.38541	0.16626	0.90764
-0.36838	-0.39235	0.84283
0.34936	0.90942	0.22564
-0.90574	0.30956	0.28951
0.82851	0.3865	0.40521
-0.084251	0.72803	0.68035
0.84412	-0.32952	0.42294
0.88922	0.45602	0.036351
-0.88082	-0.0441	0.4714
0.86107	-0.41079	0.29969
-0.90082	-0.41618	0.12375
-0.76154	0.47604	0.43983
-0.072127	-0.44419	0.89303
0.31985	-0.069056	0.94495
0.10446	0.83949	0.53324
0.14253	0.55991	0.8162
0.92246	-0.34427	0.17477
0.96127	0.024441	0.27451
0.60922	-0.6974	0.37747
0.4812	-0.6369	0.60234
-0.7353	-0.080925	0.67289
0.28318	0.56989	0.77139
0.0062898	0.16462	0.98634
0.84038	0.4594	0.28761
-0.6734	0.46963	0.57094
-0.31273	-0.71405	0.62637
0.44015	0.83852	0.32118
-0.15963	-0.54652	0.82209
0.98309	0.10356	0.15105
0.44038	-0.89606	0.056148
0.32173	-0.3243	0.88956
-0.67533	-0.73189	0.090895
0.99191	-0.12299	0.03139
0.91577	0.10352	0.38814
-0.52261	-0.55819	0.64444
0.6682	0.69884	0.25521
0.90102	0.31577	0.2974
0.15618	0.9022	0.40205
0.6718	0.22412	0.70602
-0.84215	0.34246	0.41654
0.083038	0.048898	0.99535
-0.0058344	-0.90285	0.42991
0.71191	0.32809	0.62092
-0.047734	-0.21003	0.97653
-0.081054	-0.83198	0.54885
0.67534	-0.72623	0.12845
-0.83179	-0.51076	0.21736
-0.8368	-0.54323	0.068266
0.099372	-0.95074	0.29363
-0.48183	-0.87008	0.10394
0.48071	-0.85398	0.19911
0.25236	0.45194	0.85561
-0.53704	-0.19986	0.81954
-0.4724	0.84328	0.25634
0.47771	0.34381	0.80845
0.709	-0.27593	0.64898
-0.66857	-0.70132	0.24731
0.15713	0.98743	0.017328
-0.49005	0.52685	0.69447
-0.57646	-0.81695	0.016699
0.52411	-0.42262	0.73939
0.8349	-0.54897	0.039685
-0.95013	-0.31063	0.027456
-0.28426	-0.29243	0.91306
-0.030799	0.41928	0.90733
0.082841	-0.44849	0.88994
0.39429	-0.19513	0.89803
0.80117	0.30461	0.51511
0.20328	-0.65059	0.73171
-0.50867	-0.72876	0.45842
-0.21834	-0.96199	0.16404
0.20229	0.76302	0.6139
0.011969	-0.9996	0.025644
0.078005	0.30507	0.94913
-0.98358	0.12415	0.131
0.78113	-0.46231	0.41964
-0.67833	0.19028	0.70969
-0.18181	0.95415	0.23779
-0.79643	-0.28718	0.53219
-0.72558	-0.22773	0.64936
-0.27677	-0.96054	0.027688
-0.15433	0.18672	0.97022
0.44395	-0.5372	0.71717
-0.75842	-0.42436	0.49469
0.73086	0.67155	0.12191
0.99931	0.028059	0.02425
0.031251	-0.077433	0.99651
0.15565	0.18204	0.97089
-0.92698	0.058544	0.37052
-0.61965	-0.29223	0.72845
0.59278	-0.29891	0.74784
-0.6917	0.041562	0.72099
-0.81293	0.23837	0.53134
-0.37116	-0.77706	0.50834
-0.89285	0.41149	0.18301
-0.76121	0.36669	0.53488
-0.94558	-0.27772	0.16956
-0.92757	0.37116	0.043035
-0.76099	-0.62911	0.15847
0.55062	0.66947	0.49863
0.96194	-0.27016	0.041146
0.50362	-0.71982	0.47774
0.59757	0.34786	0.72243
-0.14167	0.87014	0.472
-0.26043	0.10402	0.95987
0.21593	0.32114	0.92209
0.69959	-0.66198	0.26899
0.98656	-0.051227	0.15515
0.47845	0.86211	0.16688
-0.23555	-0.032587	0.97131
0.0073726	0.89656	0.44286
-0.27727	0.26012	0.92491
-0.55155	0.67833	0.48545
0.064265	-0.98503	0.15994
-0.38925	0.32623	0.86143
-0.10641	-0.077378	0.99131
0.29732	0.19651	0.93434
-0.88582	-0.37956	0.26693
0.25223	-0.20395	0.94593
-0.12706	0.98732	0.095157
0.79484	0.0024156	0.60681
0.012536	0.68235	0.67516
0.61722	0.055223	0.73321
-0.046708	-0.10152	0.95347
0.48041	-0.46971	0.68569
0.50557	0.45395	0.67818
0.31276	-0.022084	0.90735
-0.94692	0.12202	0.10027
0.59806	-0.63961	0.39348
0.18538	0.87248	0.35498
-0.51633	0.66164	0.46608
-0.061438	0.086625	0.95411
0.48014	-0.083669	0.82708
0.92201	-0.26527	0.033701
-0.92445	-0.22452	0.12875
0.23029	0.3804	0.8508
0.36417	-0.86643	0.19563
0.32355	-0.22171	0.87622
0.2441	0.91587	0.15231
-0.22649	-0.91149	0.19871
0.41112	0.32453	0.80452
0.43743	-0.76203	0.38674
-0.6787	-0.29194	0.61297
-0.41489	-0.84301	0.19698
0.85733	-0.3938	0.17749
-0.79866	-0.22059	0.48484
0.57549	0.25708	0.7241
-0.5469	-0.78469	0.082295
-0.54031	-0.7348	0.29954
-0.38331	0.31265	0.82275
-0.04994	-0.65798	0.69726
-0.82159	-0.013454	0.49639
0.13518	-0.6849	0.65897
0.33027	0.51463	0.74005
-0.66024	0.3014	0.62836
0.15843	-0.35358	0.87834
0.84192	-0.29759	0.35242
-0.41655	0.10278	0.85879
-0.22306	0.84236	0.40284
-0.040888	-0.78548	0.55041
0.85553	-0.11195	0.42087
-0.14261	-0.94925	0.013455
-0.32134	0.72788	0.53715
0.62721	-0.14641	0.71188
0.63658	-0.71721	0.044468
0.48229	-0.28342	0.78017
-0.59618	0.6955	0.28714
0.22829	0.67337	0.64503
0.73727	-0.38463	0.47968
0.13515	-0.80671	0.50254
-0.80635	0.44138	0.27674
0.46662	-0.63137	0.55248
-0.61926	0.72992	0.073079
-0.20195	-0.37057	0.86226
-0.56966	-0.00042621	0.77271
-0.22584	-0.18882	0.91375
-0.87291	-0.39552	0.056503
-0.20989	0.65063	0.67397
-0.088331	0.55029	0.78165
0.91607	-0.18992	0.21527
-0.45643	0.84438	0.017172
0.089418	0.95572	0.014548
0.83601	0.08152	0.4648
0.67718	-0.64243	0.22429
-0.40146	0.79184	0.36525
0.058668	0.93461	0.21134
0.77825	-0.55372	0.09656
0.47897	0.71797	0.42038
0.26239	-0.85093	0.35871
-0.071545	0.27274	0.91766
-0.41067	-0.096523	0.86234
0.57621	0.76779	0.0089433
0.41544	0.62919	0.59425
-0.76101	-0.40552	0.42191
0.75489	-0.49708	0.3235
0.16888	-0.92612	0.1881
-0.63205	-0.46992	0.5489
0.85662	0.35969	0.24172
0.05425	-0.89135	0.35236
-0.17377	-0.54326	0.77219
-0.13338	-0.87355	0.37512
-0.69284	0.096567	0.65746
0.7962	0.28986	0.45128
0.13493	0.55682	0.77029
0.62371	-0.33539	0.64815
-0.7996	-0.49007	0.20511
0.91984	-0.00027929	0.27476
0.36879	0.83679	0.29219
-0.31807	0.50319	0.75315
-0.33138	-0.82495	0.36228
-0.42797	0.58866	0.62604
0.034967	0.42137	0.86187
0.29497	0.17916	0.89582
0.63451	0.63484	0.34054
0.06962	-0.95738	0.012989
-0.50349	0.4096	0.70734
0.73068	0.46342	0.41587
0.68255	0.66124	0.13598
-0.13153	0.91545	0.25739
0.30308	0.7719	0.48364
-0.0091347	0.87021	0.40527
-0.5623	-0.19407	0.7535
-0.21931	-0.77113	0.52808
-0.56633	-0.62565	0.45764
-0.40814	-0.71512	0.49358
0.61515	-0.50956	0.53248
-0.52641	-0.38521	0.70435
-0.85991	-0.31922	0.28327
-0.2494	0.19636	0.906
0.75475	-0.20792	0.55563
0.66182	0.37622	0.58485
0.46341	0.1187	0.83232
0.95536	-0.049875	0.080048
0.74748	-0.020702	0.60203
0.53102	-0.77001	0.2161
-0.3911	-0.28672	0.82851
0.11507	0.22918	0.92511
-0.35437	-0.47005	0.75834
0.90318	0.32169	0.048799
-0.67834	-0.66012	0.16033
-0.85013	0.26236	0.36062
-0.84178	0.45543	0.07474
-0.026922	-0.28885	0.91512
-0.47614	0.80998	0.19702
-0.74277	0.38256	0.4728
-0.010738	-0.47299	0.83532
-0.46134	-0.56527	0.62389
-0.1088	0.95098	0.073496
0.30581	-0.73274	0.5396
0.14534	-0.16118	0.93515
0.15151	-0.53789	0.78059
-0.30315	0.89279	0.18063
-0.24292	0.0013036	0.92876
-0.94025	-0.041069	0.18932
-0.19607	0.4001	0.85034
0.82021	0.49567	0.056285
0.10774	0.78894	0.53625
0.88735	0.19048	0.31293
0.53514	0.76616	0.2196
-0.59958	0.4968	0.56151
0.93817	0.15394	0.13319
-0.89791	0.084554	0.32895
0.13073	0.034044	0.95045
-0.89894	0.28325	0.18242
-0.68184	0.55325	0.38808
-0.77676	-0.56406	0.0094091
-0.34235	-0.89654	0.024769
-0.88646	-0.13186	0.3441
0.5828	0.558	0.52017
0.32561	-0.41695	0.80108
-0.70959	-0.097684	0.63918
0.72174	0.18224	0.6062
0.76808	0.52385	0.23922
0.3182	-0.58961	0.68754
0.47091	-0.83612	0.027212
0.27848	-0.91852	0.019261
-0.54921	0.20853	0.75926
-0.27642	-0.64753	0.65261
-0.73058	0.59571	0.18161
-0.78984	0.17562	0.51663
-0.035325	-0.94141	0.18464
-0.69376	-0.57181	0.33664
-0.10971	0.77641	0.55386
0.41781	0.86029	0.083317
-0.03599	0.83313	0.62145
0.68541	0.23426	0.74628
-0.004938	0.032853	1.0395
0.59312	-0.3474	0.78046
0.51999	0.64011	0.63362
0.37206	0.1473	0.95993
-1.0297	0.048921	0.13745
0.72772	-0.56151	0.48656
0.11809	1.0047	0.24117
-0.61105	0.725	0.42732
-0.041147	0.2323	1.0129
0.55615	0.086357	0.87455
1.0232	-0.18388	0.028734
-0.96698	-0.31439	0.21843
0.23761	0.5599	0.84359
0.49316	-0.85784	0.32016
0.40416	-0.069485	0.95573
0.16935	1.026	0.014496
-0.13818	-0.9658	0.3602
0.4368	0.51164	0.79311
0.56767	-0.70964	0.50573
-0.67747	-0.28712	0.73498
-0.34862	-0.91219	0.35773
0.97263	-0.30569	0.20528
-0.81905	-0.24282	0.59313
0.61828	0.4441	0.70859
-0.50128	-0.88097	0.23283
-0.49175	-0.79378	0.45793
-0.41711	0.42062	0.85481
0.042562	-0.60078	0.84785
-0.86575	-0.022259	0.57583
0.24352	-0.61648	0.80141
0.3268	0.69646	0.69981
-0.72124	0.35056	0.66221
0.24063	-0.2268	0.98603
0.95193	-0.17776	0.37924
-0.42889	0.19869	0.92638
-0.31694	0.93819	0.31772
0.060816	-0.75846	0.70898
0.94897	0.0323	0.42427
-0.62843	-0.82461	0.081805
-0.05041	-1.0259	0.16299
-0.40559	0.82651	0.48372
0.71723	0.016754	0.75293
0.76502	-0.69386	0.12207
0.57839	-0.13386	0.8539
-0.70718	0.72559	0.23454
0.19633	0.84096	0.57952
0.8532	-0.26188	0.53392
0.25103	-0.77048	0.65187
-0.90647	0.43124	0.27191
0.59095	-0.54179	0.66245
-0.7435	0.7272	0.0011518
-0.14635	-0.28421	0.98965
-0.58578	0.05969	0.85726
-0.1899	-0.084728	1.019
-0.89555	-0.50274	0.16383
-0.27222	0.77636	0.6362
-0.12652	0.69815	0.76038
1.0152	-0.076236	0.21244
0.90859	0.24358	0.44355
0.80715	-0.58235	0.30162
-0.50502	0.86029	0.29403
-0.030323	1.0361	0.08441
0.90183	-0.49688	0.14636
0.45345	0.87977	0.31934
0.38771	-0.82671	0.49782
-0.073492	0.42438	0.94663
-0.40086	-0.01294	0.95955
0.4009	0.80513	0.52215
-0.76074	-0.44604	0.55129
0.87872	-0.40405	0.38236
0.28895	-0.94266	0.3309
-0.61026	-0.48217	0.69043
0.89263	0.5085	0.16199
0.16762	-0.89209	0.50761
-0.10056	-0.47948	0.91738
-0.035618	-0.88877	0.5389
-0.73314	0.13301	0.72555
0.84266	0.45986	0.40007
0.11289	0.72618	0.73588
0.73161	-0.19511	0.71294
-0.80098	-0.57344	0.33346
1.0009	0.13571	0.24778
0.31727	0.97575	0.16986
-0.36995	0.62004	0.74852
-0.25465	-0.85907	0.52797
-0.50218	0.6806	0.60515
0.023155	0.5854	0.85929
0.3307	0.35857	0.91851
0.62714	0.79469	0.23823
0.17909	-1.013	0.15291
-0.56123	0.49418	0.72278
0.75201	0.63304	0.33961
0.66866	0.79645	0.012609
-0.2315	1.0033	0.14628
0.26041	0.92908	0.38807
-0.089404	0.99015	0.3053
-0.55759	-0.14924	0.86512
-0.13376	-0.76478	0.69197
-0.52589	-0.65569	0.61246
-0.34449	-0.72956	0.65626
0.73706	-0.39964	0.61532
-0.50001	-0.35715	0.83907
-0.88163	-0.38524	0.39487
-0.25725	0.32289	0.95455
0.85564	-0.059809	0.58813
0.69337	0.55879	0.53721
0.51641	0.3015	0.85089
1.0375	0.056576	0.044649
0.82923	0.14642	0.61037
0.66321	-0.73473	0.31926
-0.36042	-0.21917	0.95061
0.13254	0.39808	0.95161
-0.30354	-0.42188	0.90082
-0.65355	-0.74946	0.30461
-0.93124	0.24849	0.3907
-0.95345	0.41169	0.05511
0.035268	-0.17099	1.0252
-0.59351	0.84627	0.1148
-0.82454	0.40496	0.48758
0.069754	-0.37814	0.9663
-0.41333	-0.55505	0.77632
0.42822	-0.66841	0.6719
-1.0242	-0.17286	0.051834
0.20775	-0.014038	1.0189
0.24959	-0.43924	0.90905
-0.41669	0.94983	0.07611
-0.22834	0.1188	1.0076
-1.0017	-0.11088	0.25684
-0.22385	0.53732	0.86185
0.050023	0.93538	0.45185
0.94662	0.34189	0.26194
0.50151	0.90622	0.094105
-0.67944	0.55512	0.55838
0.99885	0.28054	0.072139
-0.42475	-0.94838	0.042048
-0.96461	0.048941	0.38566
0.17144	0.19523	1.007
-0.99251	0.23852	0.19906
-0.78044	0.58043	0.36827
-0.77542	-0.68006	0.13355
-0.27089	-0.9883	0.17742
-0.9283	-0.17861	0.43353
0.58622	0.73488	0.44484
0.42481	-0.28921	0.90416
-0.73082	-0.078879	0.73572
0.77968	0.36109	0.58593
0.7794	0.67433	0.13937
0.43141	-0.49169	0.80854
0.59879	-0.84037	0.1297
0.40011	-0.94921	0.14323
-0.58686	0.2828	0.81069
-0.20416	-0.61959	0.80995
-0.84498	0.58917	0.14312
-0.85128	0.18593	0.56777
0.070492	-0.98037	0.33986
-0.67337	-0.62976	0.48123
-0.18224	0.90248	0.48364
