0.48639	-0.6993	0.52384
0.71574	-0.14851	0.68239
-0.95632	-0.11634	0.26819
0.31293	0.018068	0.94961
-0.75914	0.64967	0.040466
-0.74002	0.080322	0.66777
0.5257	-0.82387	0.21184
0.64588	0.046623	0.76201
0.9147	-0.3855	0.12126
0.042046	0.27133	0.96157
-0.22302	0.50402	0.8344
0.12419	0.98268	0.13757
-0.64007	-0.04134	0.7672
-0.056786	-0.49037	0.86966
-0.86426	-0.43567	0.25147
0.26094	0.49486	0.82887
0.12499	0.61696	0.777
-0.60079	0.69601	0.39322
0.74464	-0.66678	0.030146
-0.51724	-0.15169	0.84229
-0.98839	-0.12655	0.084068
0.29333	0.64699	0.70382
0.44547	-0.8942	0.044257
-0.26517	0.31391	0.91167
0.83969	-0.12508	0.52846
-0.7334	-0.67979	0.0021248
-0.91809	0.38137	0.10805
0.85628	-0.42184	0.29804
-0.21945	-0.95512	0.19894
0.86673	0.39449	0.30522
0.29346	-0.37157	0.88081
-0.56207	-0.48122	0.67269
-0.89806	-0.43712	0.049142
0.27105	-0.96154	0.044405
0.97452	-0.21986	0.044356
-0.42965	0.2273	0.87392
-0.094613	0.39182	0.91516
-0.039664	-0.86319	0.50331
0.76816	-0.44155	0.46364
0.44984	-0.44967	0.77165
-0.2171	0.93734	0.2725
0.94625	0.25685	0.19659
0.42946	-0.8199	0.37858
0.22343	0.32684	0.91829
-0.60572	-0.79091	0.086989
-0.82594	0.53601	0.1747
0.12162	-0.43925	0.89009
-0.413	-0.57868	0.70325
0.64017	-0.58567	0.49717
-0.67136	0.41588	0.61345
0.3795	0.84611	0.37428
-0.31838	0.73277	0.6014
-0.40298	-0.42643	0.80979
0.08445	-0.99549	0.043322
-0.13079	0.19704	0.97163
-0.048971	0.9765	0.2099
-0.98573	0.050269	0.16062
-0.69074	-0.691	0.21307
-0.78436	-0.087645	0.61408
0.41723	0.89011	0.18338
0.14997	-0.060335	0.98685
-0.64627	0.56423	0.51378
0.98912	0.12072	0.084037
-0.67145	-0.53495	0.51282
0.28742	-0.19067	0.93864
0.36322	0.19566	0.91093
0.56989	0.81518	0.1035
0.50482	0.72691	0.46557
-0.10663	-0.99348	0.040355
-0.89326	-0.27496	0.35564
-0.75526	-0.56415	0.33363
-0.78642	0.40484	0.46652
-0.38703	0.42421	0.81869
-0.29641	-0.9544	0.035658
0.69991	0.3796	0.605
0.29513	0.95359	0.059719
-0.13485	0.79957	0.58524
-0.97651	0.21136	0.041849
-0.34553	-0.88373	0.31564
0.25208	0.93131	0.26291
-0.23862	-0.52191	0.81895
-0.20344	0.97548	0.08392
0.90267	0.20794	0.37677
0.2054	-0.70622	0.67755
-0.02706	0.99947	0.018185
-0.61678	-0.68076	0.39517
0.12546	-0.2616	0.95699
0.080698	0.9377	0.33796
0.58629	-0.12817	0.7999
0.93013	-0.1005	0.35322
0.53851	0.23666	0.8087
-0.79647	-0.41428	0.44046
0.32083	-0.78014	0.53708
0.95291	0.30324	0.0030961
0.3565	-0.90892	0.21628
0.5243	-0.55232	0.64811
0.81329	-0.55608	0.17128
-0.79491	0.24241	0.5562
-0.53654	-0.80079	0.26619
-0.25013	-0.66073	0.70773
-0.050011	0.5689	0.82088
-0.75455	0.5486	0.36013
0.75913	-0.29163	0.58195
-0.045197	-0.3211	0.94596
-0.67694	0.25256	0.69135
-0.67809	-0.21133	0.70394
-0.35992	0.59068	0.72219
-0.54918	-0.32187	0.77123
-0.30266	0.11535	0.94609
-0.22417	-0.36583	0.90328
-0.70165	0.67113	0.23929
-0.85594	0.068488	0.51252
-0.44597	0.76964	0.4569
-0.6315	0.76805	0.10639
-0.019222	-0.13006	0.99132
0.175	-0.96148	0.21197
0.54211	0.78805	0.29171
0.73801	-0.58403	0.33802
-0.88938	-0.1032	0.44537
0.86589	-0.27566	0.41744
0.37115	-0.63877	0.67395
-0.5399	0.33742	0.77114
0.68184	0.21734	0.69847
-0.86943	0.39667	0.29452
0.60146	-0.31097	0.7359
0.20767	0.86668	0.45358
0.083446	0.45238	0.88791
0.89454	0.42921	0.12481
-0.074823	-0.64248	0.76264
0.036169	0.84908	0.52702
-0.80883	-0.57294	0.13242
0.77335	0.022293	0.63359
0.6521	-0.43428	0.62143
0.60907	0.54549	0.57574
-0.16314	-0.0011614	0.9866
0.74146	0.5028	0.44433
0.88477	0.045032	0.46384
0.49665	0.06783	0.86529
-0.52471	-0.64215	0.55886
0.10239	-0.60058	0.79298
-0.88595	0.23646	0.39897
-0.38082	0.86711	0.32108
0.56654	0.40207	0.71929
-0.25362	-0.84556	0.46979
-0.45332	-0.78062	0.43027
-0.37534	0.91511	0.14729
0.030562	-0.75253	0.65784
0.40208	0.36284	0.84064
-0.18495	0.66506	0.72353
-0.019896	-0.9781	0.20718
-0.49336	0.6474	0.58092
0.070511	-0.92755	0.36699
-0.33855	-0.080272	0.93752
-0.53348	0.80766	0.25117
0.010019	0.071206	0.99741
0.67925	-0.70598	0.20052
-0.13218	-0.92548	0.355
0.60491	-0.79532	0.039474
0.2783	-0.53745	0.79605
-0.0060657	0.72113	0.69278
0.68594	0.69461	0.2168
-0.37804	-0.25936	0.88871
-0.19448	-0.19231	0.96187
-0.47023	0.028452	0.88209
0.64932	0.64747	0.39897
0.81431	0.33879	0.47129
-0.42665	-0.89185	0.15026
-0.35851	-0.73298	0.57811
0.80393	0.18626	0.5648
-0.25936	0.84942	0.45959
-0.80736	-0.25127	0.53389
-0.69518	-0.37288	0.61456
0.9602	0.06927	0.2706
-0.15307	-0.77585	0.61206
0.17996	0.14526	0.97289
0.7886	0.55453	0.26573
0.16355	0.7607	0.62816
0.43188	0.51628	0.73955
-0.93785	0.060861	0.34167
-0.94266	-0.2887	0.16749
0.9392	-0.24588	0.2397
-0.94723	0.22749	0.22583
0.59163	-0.71877	0.36516
0.14582	-0.83576	0.52938
0.25568	-0.88892	0.38008
0.81049	0.58068	0.076877
0.46431	0.63783	0.61448
0.43792	-0.10275	0.89312
0.45376	-0.28188	0.84537
-0.089841	0.90904	0.4069
-0.503	0.86371	0.031521
-0.5854	0.13689	0.79911
0.33436	0.76603	0.54899
-0.52425	0.50293	0.68719
0.98454	-0.073555	0.15894
0.70292	0.71061	0.030426
0.0026941	0.34136	0.91862
-0.57288	0.56086	0.5636
0.06166	-0.97802	0.0084446
-0.06887	0.72161	0.6595
-0.7767	-0.59392	0.066292
0.79173	-0.55031	0.1753
0.26484	0.36766	0.86896
-0.36053	0.04647	0.91009
0.7448	0.56477	0.29446
-0.034168	-0.74915	0.63087
0.18124	0.73981	0.61663
0.81959	0.5357	0.041251
0.63833	0.73684	0.10005
-0.37683	0.86851	0.25316
0.88655	0.16196	0.38496
0.89409	-0.33091	0.22692
-0.68164	0.34563	0.61343
0.30378	0.85477	0.37079
0.9666	-0.15541	0.043881
0.40982	0.88032	0.13224
0.7064	0.1939	0.65101
0.05618	0.87655	0.43462
0.77465	0.36623	0.4756
0.12265	-0.55639	0.79736
0.18372	0.13813	0.95266
-0.86211	-0.23871	0.40023
-0.76233	0.48449	0.38017
-0.95092	-0.14947	0.18386
-0.27624	0.28698	0.8954
-0.88824	0.011522	0.41388
0.61478	0.54601	0.53322
0.72147	-0.5144	0.41866
0.33878	-0.82124	0.41375
-0.11106	0.94482	0.23533
0.88811	0.35434	0.21471
-0.75098	-0.15359	0.61061
-0.72726	-0.42582	0.50017
0.44554	0.19296	0.85127
-0.4642	-0.76763	0.39454
0.19171	-0.93575	0.21912
-0.7499	0.10774	0.62165
-0.21915	-0.95518	0.0028379
0.9249	-0.088219	0.31172
-0.23321	-0.36333	0.87978
0.48866	-0.25943	0.80889
0.42928	-0.86559	0.1639
-0.28647	0.93658	0.033974
0.55215	0.37861	0.71567
-0.58743	-0.77182	0.14011
-0.16781	-0.1283	0.95696
0.096231	0.56272	0.79655
-0.43992	0.43957	0.7574
0.81156	-0.012557	0.5492
-0.30451	-0.70325	0.61083
-0.08838	0.11032	0.96975
0.59232	0.0054995	0.78072
0.35784	-0.054842	0.91068
-0.35364	-0.89035	0.20642
0.25557	-0.31026	0.89377
0.075415	-0.87155	0.44171
-0.13426	-0.57652	0.78102
0.63987	-0.73456	0.10671
-0.42826	0.74808	0.46623
-0.16649	0.51079	0.81962
-0.77261	0.58933	0.12713
-0.8952	0.36497	0.16066
-0.39951	-0.49445	0.74586
-0.62161	0.68819	0.31687
0.6904	-0.19573	0.66741
-0.56882	0.79232	0.095259
0.41865	0.70049	0.54263
0.55021	0.74057	0.33049
0.81477	-0.28246	0.46558
0.37139	-0.50237	0.75504
-0.85296	0.25787	0.40788
-0.081889	-0.94858	0.23214
-0.59282	-0.039258	0.77938
-0.19283	0.84014	0.46625
0.60789	-0.43546	0.63344
0.96596	0.098614	0.13263
0.15171	0.9509	0.18213
-0.20249	-0.85454	0.43493
0.47544	-0.64345	0.56598
0.011458	-0.35121	0.91483
-0.68296	-0.62246	0.32636
0.095878	-0.10318	0.96983
-0.31574	0.64685	0.66505
0.22726	-0.71797	0.62711
-0.92049	-0.33621	0.0080239
0.57737	-0.71151	0.34756
-0.59353	-0.33214	0.70555
-0.956	0.11697	0.18108
-0.84789	-0.42958	0.23865
-0.53686	0.20985	0.79255
-0.42534	-0.20713	0.85824
-0.54575	-0.58938	0.56142
0.36176	0.5468	0.72838
-0.00087082	0.48554	0.89702
-0.63173	0.60197	0.52815
0.16581	-0.99585	0.14557
-0.12346	0.8304	0.5793
-0.73985	-0.67563	0.19116
0.88276	-0.46098	0.22055
-0.38616	-0.94019	0.085558
0.266	0.53092	0.82932
-0.34645	0.14618	0.94816
0.72237	0.69568	0.18607
0.064397	-0.67894	0.75848
0.13203	0.86731	0.52033
-0.47156	0.89109	0.15489
0.9141	0.30974	0.32996
0.96769	-0.2183	0.23733
-0.7202	0.37787	0.61556
0.23839	0.96108	0.24474
1.0181	-0.058106	0.020198
0.73354	0.36396	0.60816
-0.017934	0.96852	0.31945
0.78019	0.52161	0.39954
0.21243	-0.44134	0.8947
0.20881	0.29986	0.9523
-0.85362	-0.27055	0.4884
-0.82623	0.47806	0.35943
-0.96232	-0.21956	0.25717
-0.28472	0.39897	0.89451
-0.90621	-0.014444	0.46795
0.59802	0.6988	0.44097
0.81474	-0.39523	0.46946
0.45038	-0.74823	0.52698
-0.20504	0.99281	0.11263
0.41138	-0.93149	0.059096
0.88982	0.48217	0.12704
-0.74015	-0.14139	0.68745
-0.69112	-0.43453	0.6115
0.47059	0.36686	0.82726
-0.38697	-0.77485	0.53876
0.30332	-0.90874	0.35012
-0.76582	0.12838	0.66139
-0.12741	-1.0008	0.15025
0.97728	0.046122	0.28844
-0.17311	-0.26611	0.96934
0.56079	-0.099153	0.84622
0.54	-0.8216	0.27162
0.55692	0.5478	0.65586
-1.0086	-0.15142	0.010404
-0.52289	-0.82866	0.28337
-0.12719	-0.007279	1.012
0.068696	0.70379	0.73509
-0.47479	0.51912	0.73857
0.86033	0.14754	0.5277
-0.22089	-0.66133	0.74448
-0.069339	0.24715	0.98717
-0.61847	-0.81111	0.0010502
0.63955	0.17861	0.77425
0.40764	0.11283	0.92817
-0.2663	-0.91755	0.35719
0.32776	-0.16166	0.95228
0.18399	-0.82156	0.57584
-0.051943	-0.4896	0.8933
0.74236	-0.67494	0.1837
-0.50489	0.79386	0.39404
-0.19703	0.62815	0.77911
-0.85655	0.54737	0.084363
-0.95894	0.31014	0.15697
-0.33625	-0.43662	0.85831
-0.70396	0.69149	0.25824
0.75807	-0.034836	0.68155
-0.66783	0.77087	0.012558
0.37929	0.83938	0.43815
0.50393	0.86219	0.20754
0.88882	-0.14128	0.48005
0.4628	-0.36776	0.83124
-0.89551	0.24081	0.42481
0.021922	-0.94683	0.37873
-0.58249	0.016226	0.83716
-0.27078	0.91139	0.36939
0.69641	-0.29382	0.6849
0.99414	0.21543	0.075285
0.064464	1.017	0.044137
-0.10565	-0.83237	0.58
0.57861	-0.53006	0.65165
0.080083	-0.22452	0.99175
-0.63085	-0.65744	0.45847
0.14357	0.046256	1.0088
-0.37101	0.73032	0.60776
0.33161	-0.62186	0.73737
-0.91749	-0.43398	0.10132
0.68363	-0.622	0.43147
-0.55533	-0.29511	0.80307
-0.99537	0.05282	0.21644
-0.82465	-0.48869	0.34862
-0.55002	0.27917	0.81237
-0.38896	-0.12792	0.93421
-0.48412	-0.57547	0.6891
0.34282	0.70349	0.65419
