0.41171	0.0024275	0.91131
0.54705	-0.45535	0.70242
-0.34839	-0.92811	0.1313
-0.76199	-0.38339	0.52191
-0.67129	-0.49385	0.55271
0.96742	0.24612	0.059393
-0.010901	-0.80162	0.59774
0.93277	0.015989	0.36012
0.69832	0.62515	0.34862
-0.93868	0.014689	0.34449
0.76012	-0.30595	0.57324
0.6673	-0.7041	0.24282
0.034738	0.30402	0.95203
0.23235	-0.96826	0.092095
-0.16154	-0.24915	0.9549
-0.48293	-0.86847	0.11202
0.62502	-0.67912	0.38491
-0.75677	0.13233	0.64015
-0.9474	0.27676	0.16075
-0.8116	-0.50565	0.2926
-0.14609	0.88547	0.44114
0.1706	0.30058	0.93838
-0.57787	0.73402	0.35677
0.46297	-0.88255	0.082223
0.61898	-0.5214	0.58737
-0.71887	-0.6918	0.068141
0.33527	-0.92353	0.18623
0.40623	0.2969	0.86419
0.85079	-0.515	0.10459
-0.53374	-0.70535	0.46647
-0.10284	-0.85842	0.50253
-0.91787	0.39105	0.067842
-0.55844	0.61405	0.55775
-0.17589	0.15243	0.97254
-0.56271	0.81589	0.13296
0.15792	0.96388	0.21447
0.049002	0.073242	0.99611
0.76673	0.3874	0.51191
-0.8575	-0.49167	0.15153
0.72867	-0.44345	0.52191
0.78765	0.61158	0.074655
0.48292	0.50625	0.7145
-0.57659	-0.47058	0.66791
-0.81429	-0.5791	0.039552
-0.061294	0.99585	0.067301
-0.21457	0.62959	0.74671
0.82931	-0.49973	0.25003
0.41752	0.14791	0.89655
-0.88893	0.40383	0.21616
-0.53919	-0.21087	0.81536
-0.48077	-0.79863	0.362
-0.33994	-0.8614	0.37741
0.28857	-0.069554	0.95493
-0.90973	0.28275	0.30405
-0.69923	0.01258	0.71478
0.68555	-0.72143	0.09772
0.094909	-0.99536	0.015701
-0.56685	-0.59367	0.57117
-0.40833	-0.18064	0.89478
0.36926	-0.29662	0.88071
0.39295	0.43815	0.80846
0.89362	0.2734	0.35595
-0.012352	-0.20619	0.97843
0.68453	-0.56746	0.45761
-0.89228	-0.45145	0.0052719
-0.27219	-0.96221	0.0079918
-0.00023949	0.74913	0.66242
0.4963	-0.58853	0.63822
-0.75668	-0.25269	0.60298
0.29255	-0.75897	0.58171
-0.55069	-0.80226	0.23046
0.45599	0.78617	0.41716
0.019461	-0.068062	0.99749
0.81157	0.12508	0.5707
-0.13269	-0.99061	0.032884
0.38602	0.86691	0.31537
-0.96502	0.26195	0.01096
-0.13852	0.97117	0.19402
-0.55	0.41533	0.72457
-0.67001	-0.71265	0.2079
-0.42943	0.88921	0.15775
0.87353	0.48593	0.028552
0.90341	-0.3879	0.18271
0.13369	0.54631	0.82684
-0.35139	0.59774	0.72058
-0.2045	0.9773	0.05533
0.29053	-0.89468	0.33932
-0.77412	0.40051	0.49024
0.045262	-0.52603	0.84926
0.94218	0.26153	0.20952
-0.92367	-0.36626	0.11266
-0.90744	0.14754	0.39343
-0.64653	0.14468	0.74904
-0.07325	0.64847	0.7577
0.26165	-0.21449	0.94103
-0.23188	0.00033105	0.97275
-0.468	-0.56461	0.67984
-0.80978	0.52507	0.26183
0.53387	0.0675	0.84287
0.87138	-0.36974	0.32247
0.70662	0.33573	0.62287
0.88466	-0.10763	0.45364
0.33361	-0.43537	0.83616
-0.83765	-0.26136	0.47962
0.95782	-0.26743	0.10516
0.36364	-0.64553	0.6716
-0.19421	-0.38404	0.90266
-0.46618	0.32873	0.82135
0.15114	0.16749	0.97422
0.11543	0.42738	0.89667
-0.44702	-0.68076	0.58029
0.35759	-0.80817	0.46797
0.56526	-0.64222	0.51772
-0.21534	-0.65666	0.72279
-0.079161	-0.46879	0.87976
0.070422	0.65555	0.75186
-0.48295	0.87548	0.017264
-0.60851	-0.71627	0.34158
-0.36368	0.77259	0.52042
0.5574	0.56694	0.60653
-0.16829	-0.77467	0.60956
-0.7493	-0.50639	0.42676
-0.28278	0.50476	0.81563
0.88688	-0.23365	0.39856
-0.65597	-0.23545	0.71713
-0.84162	0.14001	0.5216
-0.3952	0.223	0.89112
0.76789	-0.61666	0.17345
0.14471	-0.13509	0.98021
0.88357	0.39159	0.25681
0.49757	0.86658	0.038361
0.37963	0.75246	0.53822
0.52027	-0.079756	0.85027
-0.98311	-0.1101	0.14619
-0.43553	0.81	0.39271
-0.70515	0.63702	0.31141
0.29135	-0.56689	0.77056
0.80125	0.51376	0.30667
0.87282	0.029561	0.48714
0.082881	0.99341	0.079134
0.49852	-0.23199	0.83526
0.45207	0.87295	0.18327
-0.14232	0.53004	0.83595
0.2619	0.4991	0.82602
-0.73575	-0.1204	0.66646
0.43468	0.63988	0.63373
0.81319	-0.18292	0.5525
0.75263	0.62287	0.21351
-0.42722	0.671	0.606
0.0051246	0.89248	0.45105
0.83208	0.39158	0.39283
-0.18448	-0.90612	0.38068
-0.60164	0.49599	0.62611
0.6147	-0.16128	0.7721
-0.30432	-0.28331	0.90946
-0.75528	0.63152	0.17529
0.59886	0.42474	0.67894
-0.84051	0.40739	0.35719
0.97506	0.0026346	0.22191
-0.45085	0.073972	0.88953
0.35574	0.57464	0.73704
-0.639	0.63173	0.43885
0.73657	-0.59618	0.31944
0.51211	0.68651	0.51618
0.58096	0.80151	0.1417
0.73096	0.20255	0.65166
-0.99845	0.0101	0.054673
-0.19287	0.40541	0.89356
-0.28955	0.71153	0.64022
0.079267	-0.4031	0.91172
0.23312	0.79931	0.55386
-0.57842	0.036837	0.81491
-0.60707	-0.78922	0.092704
0.1927	-0.48448	0.85332
-0.77254	-0.60811	0.18271
-0.68619	0.3863	0.61638
-0.28413	0.94173	0.18005
-0.62536	-0.10018	0.77388
0.91638	-0.39821	0.041015
0.77736	-0.62858	0.024622
-0.29303	0.85799	0.42189
-0.63988	0.73442	0.22622
-0.39713	-0.77987	0.48383
-0.95056	-0.11839	0.28708
-0.22084	0.80801	0.54622
-0.69563	0.26016	0.66963
0.45526	-0.86312	0.21856
-0.14698	0.73755	0.6591
0.97698	-0.1344	0.16566
-0.68441	0.72383	0.087496
0.46614	-0.37724	0.80025
-0.8274	-0.12927	0.54653
0.69535	0.71234	0.095134
0.15178	-0.8004	0.57993
0.22458	-0.69246	0.68561
0.22086	-0.85654	0.46642
-0.50253	0.71887	0.4803
-0.25978	0.26323	0.9291
-0.75469	0.52473	0.39384
0.20133	-0.94802	0.24644
0.98939	-0.14443	0.015972
0.22096	0.63075	0.74386
0.94587	0.1423	0.29169
-0.50019	-0.072935	0.86284
0.63664	-0.014851	0.77101
0.0089143	0.97845	0.20631
0.5259	0.80124	0.28537
0.58051	-0.81408	0.016726
-0.44084	-0.31589	0.84016
-0.068292	0.94242	0.32739
-0.27414	-0.92403	0.26651
-0.52519	0.18282	0.83111
0.13151	-0.91887	0.37201
0.080098	0.8241	0.56076
0.52666	0.21541	0.82233
-0.90011	-0.25849	0.35069
-0.36317	0.88526	0.29057
-0.97863	0.021188	0.20456
-0.94409	-0.24892	0.21617
0.10105	-0.98308	0.15276
0.17127	0.0086705	0.98519
0.433	-0.7063	0.56004
0.78851	-0.47495	0.39074
-0.11304	-0.95842	0.26202
-0.71839	-0.61738	0.32056
0.1129	-0.27233	0.95556
-0.11741	0.29548	0.94811
0.91914	0.3764	0.1162
-0.040723	0.42127	0.90602
0.5881	-0.3098	0.74711
-0.80046	0.0023783	0.59938
0.72496	-0.10068	0.68139
-0.89857	-0.12637	0.42025
-0.8794	0.0073046	0.47603
0.22866	-0.35301	0.90725
0.80808	-0.042419	0.58755
0.63944	0.13457	0.75697
-0.36856	-0.037123	0.92886
-0.45891	-0.44609	0.76838
0.41756	-0.84011	0.3462
-0.34098	-0.54084	0.76891
0.88776	0.15902	0.43197
0.37647	0.92411	0.06553
-0.092841	0.03669	0.995
-0.95457	0.15275	0.25585
-0.78365	0.27078	0.55908
0.55117	-0.77758	0.30262
-0.081467	-0.71304	0.69637
0.57776	-0.80046	0.15957
-0.41848	0.46509	0.78011
0.94251	-0.1212	0.31142
0.84547	0.50667	0.1687
-0.41861	-0.87327	0.24932
0.27687	0.37407	0.88511
-0.21676	0.92459	0.3133
-0.034128	-0.91975	0.39102
0.15524	-0.60863	0.77812
0.29386	0.22472	0.92906
0.49796	-0.74882	0.43738
0.017212	-0.64004	0.76815
0.66802	0.48262	0.56641
-0.027482	0.18452	0.98244
0.31172	0.84271	0.43895
0.98109	0.1275	0.14561
-0.24976	-0.83472	0.49078
0.033703	-0.96126	0.27358
-0.2194	-0.51567	0.82822
0.81869	0.25937	0.51231
0.82249	-0.33924	0.45654
-0.84921	0.5138	0.12188
-0.50555	0.82085	0.26574
-0.073273	0.82616	0.55864
-0.59123	0.28886	0.753
-0.64959	-0.61234	0.45064
0.34876	-0.937	0.019858
0.64768	0.7219	0.24366
0.51203	0.36158	0.77915
0.22769	0.96973	0.088175
-0.10978	-0.59179	0.79858
0.16001	0.8787	0.44976
0.28887	0.084881	0.9536
-0.6853	0.51433	0.51558
-0.045992	-0.34021	0.93923
0.082896	-0.72819	0.68034
0.73878	0.51312	0.43692
-0.85531	0.27856	0.43687
-0.56398	-0.34477	0.75038
0.65998	-0.38603	0.64452
0.15248	0.73696	0.65851
0.42315	-0.5159	0.74485
-0.34543	0.93734	0.045502
-0.96852	-0.23749	0.074631
0.30116	0.69982	0.64773
-0.88766	-0.38246	0.25647
-0.30243	-0.74511	0.59443
-0.0028071	0.54156	0.84066
0.73391	0.052042	0.67725
-0.33152	-0.4146	0.84747
0.082913	0.93824	0.3359
-0.83354	-0.38876	0.39253
0.93356	-0.25456	0.25231
-0.20367	-0.96723	0.15158
-0.33388	0.37119	0.86646
-0.78941	0.61294	0.033784
-0.27013	-0.14509	0.95183
0.39876	-0.15043	0.90463
-0.12749	-0.10891	0.98584
0.69907	-0.23544	0.67518
0.62379	0.27906	0.73008
0.31072	0.92859	0.20293
0.63153	0.60659	0.48292
0.23756	0.91349	0.3303
0.99706	-0.010494	0.075946
0.060241	-0.86992	0.4895
-0.48069	0.55329	0.6803
-0.037221	-0.9906	0.13162
-0.98348	0.14492	0.10849
-0.34513	-0.64644	0.68043
-0.67311	-0.36624	0.64248
0.58529	0.71305	0.38599
-0.31605	0.11334	0.94195
0.0048242	0.89067	0.44352
-0.15002	-0.28857	0.94035
-0.47895	-0.56223	0.66673
-0.65581	-0.65814	0.35607
0.039525	-0.74179	0.66197
-0.47465	-0.86596	0.1218
-0.4831	-0.71113	0.50093
-0.83633	0.1071	0.5283
0.70627	-0.69081	0.11826
-0.10549	0.47054	0.87034
0.97445	-0.19659	0.0428
0.93507	0.056085	0.33544
0.54782	-0.53486	0.63549
0.70925	0.20942	0.66568
-0.19877	0.85125	0.47529
-0.13213	-0.47308	0.86531
0.47528	0.53149	0.69401
-0.090457	0.98623	0.095905
-0.039191	0.78292	0.6128
0.81634	0.54718	0.15559
-0.23977	0.72815	0.6343
0.63861	0.02421	0.76264
-0.95596	-0.10677	0.25449
0.76314	0.3529	0.53208
0.61572	0.39722	0.67315
-0.48154	-0.1983	0.84783
0.062605	-0.38802	0.91408
-0.13834	-0.90225	0.39601
0.36333	0.79417	0.47677
-0.93043	0.078112	0.34383
0.31799	0.68478	0.64806
0.095066	-0.015555	0.99033
0.91832	-0.33675	0.18255
-0.98493	0.055611	0.12982
0.29499	-0.0011326	0.95027
-0.43445	0.61878	0.64683
-0.71195	0.12206	0.68429
-0.97122	0.21618	0.0049227
0.55671	0.7303	0.38309
0.23979	-0.89185	0.37031
-0.76679	-0.45907	0.43739
0.26644	0.93988	0.18883
0.79157	0.47448	0.37189
-0.14181	-0.79737	0.57803
-0.61494	-0.047044	0.78081
-0.57298	0.64272	0.49862
-0.1397	-0.96495	0.19844
0.020762	-0.20414	0.97361
-0.28971	-0.94919	0.071623
-0.50002	-0.389	0.76726
0.22786	-0.95299	0.17297
0.47963	0.022068	0.87149
0.23731	0.36502	0.89469
0.57416	-0.76476	0.2748
-0.64885	-0.23334	0.71734
0.78504	-0.32263	0.51928
-0.94106	-0.28422	0.1538
-0.90881	0.39111	0.10552
0.16338	0.80536	0.561
0.19878	-0.50856	0.83179
0.57128	-0.66882	0.46514
-0.074127	0.64104	0.75736
0.59014	-0.17311	0.78217
0.12406	0.67618	0.71931
0.54969	-0.82608	0.07383
0.7395	-0.17624	0.64196
0.3701	0.19679	0.9024
-0.61046	0.48405	0.61892
-0.5992	0.30952	0.73156
0.95626	-0.12367	0.24554
-0.39402	0.76532	0.49906
-0.32472	-0.89956	0.27453
-0.62427	-0.57024	0.52453
-0.55253	0.14251	0.81512
-0.32899	-0.34856	0.87195
0.40561	-0.6841	0.59792
0.43214	0.37681	0.8132
0.70265	0.63774	0.29933
-0.84333	0.43751	0.29564
0.50436	0.6562	0.55231
0.98948	0.0085133	0.10429
-0.64015	0.74261	0.1696
-0.87769	-0.087004	0.46056
-0.88345	-0.26747	0.37148
-0.74498	0.30455	0.58505
-0.78642	0.58489	0.17165
0.36761	-0.92435	0.021587
0.83086	-0.52714	0.14772
0.48701	-0.35748	0.79061
0.92759	0.35931	0.022165
0.047696	-0.86156	0.49544
0.4159	-0.17374	0.88705
0.42031	0.85451	0.2884
0.89387	0.38183	0.21268
-0.78512	-0.27017	0.54829
-0.14918	0.93883	0.2939
0.21292	0.89434	0.38059
0.23434	-0.79598	0.54911
-0.26278	0.089686	0.95547
0.1078	0.98721	0.061767
-0.040928	0.13395	0.98509
-0.87359	-0.47209	0.063246
-0.6942	0.6254	0.34204
-0.39882	0.23773	0.88003
-0.46126	0.44402	0.76165
0.40998	-0.87765	0.2273
-0.52841	0.7719	0.3391
0.72077	0.6834	0.058949
0.88233	0.27066	0.37183
0.055707	0.95935	0.25801
0.3021	-0.35408	0.87943
0.65849	0.54213	0.51236
-0.76514	-0.076069	0.63151
0.71338	-0.61883	0.31331
0.88775	-0.25402	0.37068
-0.299	0.40359	0.85892
-0.31803	-0.82182	0.46205
0.033347	0.32981	0.93816
-0.15114	-0.6539	0.73457
-0.76072	-0.64128	0.0095645
-0.9391	0.23888	0.22594
0.84484	0.14242	0.50595
-0.98645	-0.12615	0.031904
0.95957	0.19096	0.18109
-0.29956	-0.14342	0.93793
0.21521	-0.19746	0.95117
0.59178	0.77922	0.18063
-0.17503	0.27311	0.94064
-0.47216	0.86273	0.15098
-0.31385	-0.52965	0.78167
0.55455	0.21897	0.79659
0.38442	-0.52981	0.74937
-0.3221	-0.69549	0.63448
0.050485	-0.94399	0.31041
0.22271	-0.66601	0.70489
0.41643	-0.79905	0.42205
0.69654	-0.50646	0.49835
0.77438	0.010716	0.6247
-0.28685	0.94409	0.12824
0.82103	-0.44811	0.33931
0.44606	0.88588	0.079232
-0.27182	0.57729	0.76346
-0.43296	0.0033734	0.89586
0.17238	0.17679	0.96387
0.28649	0.53721	0.78699
-0.74157	0.47212	0.46605
-0.65525	-0.40903	0.62719
-0.34652	0.87505	0.32286
-0.1238	-0.058182	0.98555
-0.63686	-0.74709	0.16215
0.64394	-0.3602	0.66754
-0.50002	-0.79869	0.31954
-0.85975	0.27776	0.41677
0.03546	-0.98811	0.11134
0.091145	0.51549	0.84616
0.87061	-0.087446	0.47373
-0.76876	-0.59485	0.21258
-0.85562	-0.43219	0.26675
0.024007	-0.58755	0.80264
-0.070113	0.95032	0.31937
0.26312	-0.96552	0.092507
-0.089938	-0.16726	0.98689
-0.40192	-0.51004	0.76704
-0.58033	-0.6667	0.47827
0.13682	-0.64008	0.76263
-0.38528	-0.88976	0.26442
-0.39664	-0.68232	0.62221
-0.83308	0.1024	0.55274
0.78309	-0.60348	0.18059
-0.12416	0.58257	0.80946
1	-0.096789	0.023865
0.94484	0.19275	0.28311
0.62559	-0.38949	0.68334
0.71366	0.37102	0.60255
-0.26956	0.89623	0.36624
-0.05588	-0.35993	0.93667
0.4471	0.67337	0.59725
-0.097757	0.86305	0.50558
0.76998	0.64458	0.040835
-0.29298	0.7925	0.54418
0.66465	0.19378	0.72851
-0.94087	-0.16096	0.31446
-0.17292	-0.98979	0.021125
0.74881	0.49989	0.44657
0.60101	0.55011	0.58838
-0.43515	-0.12219	0.89763
0.13278	-0.24976	0.96437
-0.034592	-0.85471	0.52754
0.30083	0.89315	0.349
-0.93088	0.038245	0.37687
0.2721	0.8044	0.53752
0.13036	0.13495	0.98733
0.96251	-0.22169	0.18564
-0.99054	-0.019894	0.16871
-0.91532	-0.41358	0.034223
0.32837	0.16263	0.93582
-0.47706	0.66689	0.58112
-0.70441	0.1514	0.70065
-0.99717	0.1234	0.020955
0.49837	0.83462	0.25508
0.3433	-0.81201	0.48249
-0.70916	-0.46751	0.53718
0.17913	0.98785	0.045623
0.75971	0.60074	0.26827
-0.042537	-0.72465	0.69505
-0.58666	0.0060945	0.81598
-0.62361	0.65637	0.43624
-0.036271	-0.94545	0.33886
0.074197	-0.062218	1.0003
-0.1928	-0.96215	0.21706
-0.43719	-0.32527	0.84445
0.33086	-0.90218	0.29433
0.50884	0.19205	0.84511
0.23162	0.51365	0.83219
0.66311	-0.66731	0.35355
-0.60405	-0.19163	0.78002
0.83854	-0.17225	0.5265
-0.91138	-0.35055	0.23776
-0.94875	0.31783	0.094244
0.1017	0.89728	0.4411
0.27895	-0.36852	0.89241
0.65694	-0.54492	0.53058
-0.11367	0.73913	0.67141
0.63653	-0.0044548	0.77771
0.080567	0.78755	0.61911
0.63797	-0.75937	0.16238
0.78215	-0.013361	0.63094
0.38223	0.35995	0.85695
-0.64119	0.51205	0.58027
-0.60848	0.35547	0.71653
0.98124	0.0030098	0.21721
-0.45621	0.7955	0.41118
-0.22616	-0.88712	0.4146
-0.55186	-0.55216	0.63293
-0.54195	0.20561	0.821
-0.26595	-0.25379	0.93535
0.49655	-0.55695	0.67326
0.42338	0.53231	0.73988
0.65148	0.74442	0.17731
-0.88128	0.39739	0.2747
0.45896	0.78004	0.43695
0.99652	0.11758	0.05613
-0.71222	0.70243	0.096756
-0.85731	-0.10442	0.51394
-0.84789	-0.29731	0.45024
-0.75934	0.31573	0.57771
-0.84316	0.53181	0.12763
0.46324	-0.88198	0.13245
0.89271	-0.42449	0.1814
0.55183	-0.19658	0.81662
0.15151	-0.7823	0.61244
0.46511	-0.0066965	0.89087
0.34564	0.93175	0.14968
0.0097064	-0.99967	0.10289
0.86646	0.49553	0.11717
-0.74289	-0.2654	0.62265
0.95524	-0.31231	0.00048465
-0.23469	0.96223	0.17047
0.13642	0.9648	0.24611
0.33417	-0.69158	0.64813
-0.24086	0.20066	0.95486
-0.021495	0.27007	0.96779
-0.8277	-0.54405	0.17014
-0.74888	0.60523	0.28792
-0.39498	0.3243	0.86536
-0.4825	0.50678	0.72138
0.508	-0.8021	0.32954
-0.59723	0.76642	0.25679
0.87144	0.40651	0.29219
-0.032174	0.99704	0.12204
-0.36373	-0.9347	0.063658
0.36874	-0.19812	0.91367
0.62393	0.67546	0.40556
-0.73962	-0.058412	0.67792
0.78953	-0.50331	0.36518
0.92978	-0.1154	0.36361
-0.31216	0.49588	0.81651
-0.22097	-0.78233	0.59089
0.031767	0.46539	0.89018
-0.06112	-0.56039	0.83201
-0.69907	-0.70937	0.13463
-0.95977	0.18061	0.23715
0.85123	0.29444	0.4458
-0.97703	-0.21494	0.096157
0.95064	0.30729	0.10898
-0.25488	-0.037374	0.97142
0.26807	-0.040264	0.96775
0.52185	0.85775	0.044296
-0.17173	0.38947	0.91041
-0.55623	0.83533	0.053515
-0.2355	-0.44548	0.86955
0.5617	0.38448	0.73938
-0.54146	-0.84091	0.098553
0.46479	-0.38376	0.80419
-0.232	-0.63236	0.74587
0.1564	-0.89049	0.43884
0.31461	-0.54108	0.78631
0.51311	-0.69544	0.51294
0.7675	-0.36665	0.5353
0.79774	0.17358	0.58609
-0.37907	0.93071	0.010717
0.8813	-0.31941	0.36236
-0.3056	0.65773	0.69572
-0.40509	0.09003	0.91532
0.18772	0.33	0.93053
0.26002	0.67436	0.69833
-0.77683	0.46586	0.43537
-0.59579	-0.37998	0.71461
-0.4255	0.88409	0.21762
-0.085331	0.071003	0.99885
-0.55885	-0.78111	0.29593
0.7056	-0.20192	0.68658
-0.41089	-0.79698	0.45389
-0.87758	0.25411	0.4187
0.13907	-0.96426	0.24674
0.06799	0.64259	0.76973
0.89922	0.063487	0.44429
-0.70499	-0.63494	0.33145
-0.80683	-0.47357	0.36712
0.1104	-0.46795	0.88253
