-0.31134	0.52427	0.7926
0.1929	-0.45603	0.86881
-0.20117	-0.42892	0.88066
0.78924	0.30945	0.53042
-0.66593	-0.59943	0.44409
-0.55239	0.57029	0.60798
0.82875	0.16343	0.53522
-0.046532	0.56783	0.82183
-0.022417	-0.95588	0.2929
-0.24281	0.95542	0.16795
-0.1599	-0.98668	0.02979
0.76886	-0.062371	0.63637
-0.13289	0.95362	0.27008
0.065451	-0.98577	0.15484
0.80906	-0.55289	0.19934
0.6047	-0.71861	0.34342
-0.99825	0.0085987	0.058531
-0.84528	0.52979	0.069458
-0.54621	0.45627	0.70247
0.72207	-0.63106	0.28349
-0.51688	-0.19275	0.83408
0.88764	-0.44251	0.12762
0.53549	0.82835	0.16457
-0.6451	0.34896	0.67976
0.21489	-0.030379	0.97617
0.069634	0.030384	0.99711
-0.43765	0.55433	0.70794
-0.14932	-0.16348	0.97518
0.16942	0.72383	0.66885
-0.058857	-0.39438	0.91706
0.99074	0.06285	0.12036
-0.30608	-0.75064	0.58554
0.93142	0.1885	0.31132
0.54556	-0.69241	0.47215
-0.16011	-0.29579	0.94174
-0.65832	0.46362	0.59302
0.65165	0.75332	0.088706
-0.95357	-0.047369	0.29743
-0.019138	0.93121	0.36398
0.54358	0.20999	0.81267
0.96578	0.1931	0.17316
-0.95864	-0.24353	0.14735
0.65372	-0.72792	0.20687
-0.83778	-0.039453	0.54458
0.11196	-0.6905	0.71461
0.18271	0.98252	0.035706
-0.55453	-0.31725	0.76932
0.30436	0.19226	0.93295
0.94344	-0.17929	0.27889
0.47704	-0.64945	0.59215
0.82948	0.55317	0.077227
0.67895	-0.1521	0.71825
0.55818	-0.38733	0.73377
-0.94043	-0.1857	0.2848
0.20592	-0.89579	0.39391
-0.31308	-0.94841	0.049924
0.13178	-0.84909	0.51154
-0.57046	-0.8098	0.13714
0.37401	0.40315	0.83522
0.5988	0.70451	0.38093
0.85439	0.43498	0.28429
-0.16609	0.48917	0.85623
-0.64868	0.74838	0.13831
-0.34144	-0.91904	0.19694
0.078839	-0.37503	0.92366
0.63261	0.51963	0.57428
0.47978	-0.79537	0.3704
0.26808	0.33142	0.9046
0.62722	0.294	0.72122
-0.97882	0.056481	0.19677
-0.42945	-0.33393	0.83909
-0.65825	-0.75217	0.030909
0.55488	0.83174	0.017755
-0.77377	-0.59942	0.20488
-0.8405	-0.17524	0.51269
0.67761	-7.6465e-05	0.73542
-0.75399	0.46412	0.46485
0.09736	0.88732	0.45076
-0.65578	0.56983	0.49522
-0.74401	-0.14217	0.65287
0.15595	0.25264	0.95491
0.70774	0.63681	0.3059
0.29895	0.71699	0.62972
-0.58109	-0.76423	0.27979
-0.29062	-0.30799	0.90592
-0.60978	0.74461	0.27154
-0.24221	-0.55159	0.79818
0.92572	-0.040984	0.37597
0.41591	-0.76225	0.49598
0.83518	-0.54748	0.052328
0.27137	0.92031	0.28176
-0.98192	-0.096615	0.1628
-0.75105	0.35265	0.55818
0.030395	0.73524	0.67712
-0.76881	-0.54193	0.33948
-0.37675	0.90289	0.20699
0.038182	0.17133	0.98447
-0.042436	-0.074333	0.99633
0.98149	0.18967	0.026569
-0.61604	0.22709	0.75427
-0.31817	0.75181	0.57754
0.2383	-0.17302	0.95565
-0.8353	0.34688	0.42655
0.35579	-0.096659	0.92955
0.27901	-0.81576	0.50665
-0.74415	0.56323	0.35919
-0.70779	-0.39881	0.58308
-0.98881	-0.14644	0.028451
-0.16585	0.89874	0.4059
-0.95631	-0.29221	0.0089544
0.34751	-0.85555	0.38377
0.0035498	-0.62054	0.78417
0.76186	-0.21263	0.61185
0.43508	0.69454	0.573
0.22028	0.61714	0.75539
-0.20148	0.97909	0.027991
0.73457	0.22864	0.63886
-0.27419	0.9103	0.31011
0.60214	-0.57576	0.55311
-0.51212	-0.55223	0.65786
0.50706	0.35243	0.78656
-0.042576	-0.83861	0.54307
0.3329	0.048621	0.94171
-0.87911	0.077488	0.47027
-0.76423	-0.26268	0.58902
-0.3211	0.020227	0.94683
-0.91459	0.40288	0.034877
0.33741	-0.39668	0.8537
-0.52373	0.33484	0.78332
-0.21983	0.12686	0.96725
-0.93512	0.08129	0.34487
-0.13764	0.36068	0.92248
-0.90037	0.32605	0.28815
0.80841	-0.40281	0.4292
0.53503	-0.8111	0.23633
0.22869	0.46781	0.85373
-0.51536	0.82848	0.21916
-0.94359	0.29948	0.14123
-0.81034	-0.33775	0.47883
0.58115	-0.086728	0.80916
0.40686	0.88366	0.23152
0.56033	0.64811	0.51573
0.88746	0.43667	0.1474
0.755	0.65566	0.0090197
-0.099696	-0.52725	0.84384
-0.90712	-0.32803	0.26368
-0.88524	0.42885	0.1801
-0.075751	-0.98387	0.16207
0.37772	0.61895	0.68864
-0.5214	0.76442	0.37921
0.29664	0.94488	0.13862
-0.83112	0.45165	0.32442
0.44367	0.1268	0.88717
0.97585	-0.063558	0.20897
0.51246	0.57605	0.63683
-0.085045	-0.90338	0.42032
0.91417	0.31502	0.25507
-0.91426	-0.38504	0.12601
0.11352	-0.24704	0.96233
-0.42408	0.76619	0.48281
-0.18677	-0.01973	0.9822
0.62902	0.74038	0.23701
-0.17364	-0.94144	0.28903
-0.35767	0.1676	0.91868
-0.94981	0.19402	0.2454
-0.023964	-0.24121	0.97018
0.044588	0.9956	0.082373
-0.88499	-0.24594	0.39535
-0.41404	-0.65769	0.6293
-0.4726	-0.44978	0.75786
-0.83891	-0.40677	0.36161
0.34269	0.793	0.5037
0.90317	0.092868	0.41912
-0.096443	0.98678	0.13027
0.133	-0.99104	0.01233
-0.39061	0.30553	0.86837
0.0054735	0.31003	0.95071
-0.80039	0.11365	0.5886
-0.74598	-0.47586	0.4659
0.13007	0.93804	0.32119
-0.33714	-0.44344	0.83048
0.45871	0.48963	0.74151
-0.44726	-0.73533	0.50917
0.063437	-0.78766	0.61283
0.67262	0.58847	0.44865
-0.41424	0.84589	0.33596
0.94357	0.31655	0.097315
-0.85121	-0.47077	0.23201
-0.27549	-0.6618	0.69723
0.34548	-0.71144	0.61196
0.84344	-0.11864	0.52397
-0.66632	-0.29184	0.68619
0.66823	-0.61127	0.42404
-0.13943	-0.64471	0.7516
-0.19744	0.60538	0.77106
-0.46227	-0.80275	0.3767
0.83248	0.37702	0.40599
0.96069	0.057256	0.27166
-0.75727	-0.0054964	0.65307
-0.16388	-0.7517	0.63882
0.77067	0.51846	0.3705
0.35698	-0.24897	0.90032
0.85685	-0.43507	0.27662
-0.28147	-0.13837	0.94954
0.29911	-0.52873	0.79434
-0.90404	-0.080122	0.41987
0.73489	0.65994	0.15624
-0.32283	0.64332	0.6942
-0.18605	-0.82936	0.52683
0.25676	-0.64962	0.71559
-0.4377	0.66672	0.60324
0.47382	-0.1703	0.864
-0.012095	-0.99964	0.023932
0.24034	0.8757	0.41878
-0.38913	-0.21015	0.89689
-0.37825	-0.56037	0.73683
-0.64075	0.66305	0.38704
0.5095	0.80339	0.30818
-0.57762	0.81523	0.041839
0.1588	0.9704	0.18195
0.85124	0.016603	0.52451
0.94162	-0.32971	0.068088
0.4772	-0.87172	0.11127
-0.84788	-0.52139	0.096126
0.091513	-0.11351	0.98931
0.87326	0.2468	0.42012
0.23008	-0.32316	0.91795
-0.018739	0.44614	0.89477
-0.65868	-0.030131	0.75182
0.60237	-0.79219	0.097909
0.12136	0.38922	0.91312
-0.28181	0.40216	0.87112
0.97133	-0.19611	0.13441
-0.8089	0.54788	0.21332
0.66685	-0.30267	0.68096
-0.54729	-0.63757	0.5422
0.7389	-0.66284	0.1211
0.34492	-0.93025	0.12513
-0.45769	0.066634	0.88661
0.7643	0.08212	0.63961
0.58085	0.43834	0.68592
0.1028	0.5251	0.84481
-0.41934	-0.073531	0.90485
0.065077	0.81873	0.57048
-0.44709	-0.88937	0.095595
-0.052476	0.86868	0.49258
0.66086	0.147	0.73597
-0.49239	0.20438	0.84604
-0.63491	-0.17013	0.75362
0.42911	0.89889	0.088643
0.3779	0.8484	0.37069
0.8277	-0.26994	0.49198
-0.34822	0.93564	0.057553
-0.59665	-0.42947	0.67792
0.5244	-0.52566	0.66984
0.20559	0.81094	0.54782
0.41289	0.26802	0.87045
-0.75686	0.6454	0.10301
0.4671	-0.018684	0.88401
0.076711	0.636	0.76786
0.015195	0.97353	0.22805
-0.76148	-0.64485	0.065694
-0.73086	0.2363	0.64032
0.73927	0.45279	0.49846
0.43633	-0.46461	0.77056
0.99614	-0.066638	0.057076
0.053586	-0.90838	0.41469
-0.21657	-0.96281	0.16152
0.47622	0.75832	0.44516
0.64038	-0.44637	0.62504
0.89959	0.43672	0.0027636
0.57704	-0.23942	0.78084
-0.10878	0.22038	0.96933
-0.46968	0.87742	0.097672
0.125	-0.95105	0.28264
-0.30903	0.8434	0.43951
-0.67943	-0.71287	0.17373
0.8844	-0.30712	0.35143
-0.33781	-0.81871	0.46433
-0.98216	0.16118	0.096882
-0.57078	-0.70869	0.41468
-0.69507	0.11401	0.70984
0.043258	-0.50205	0.86375
0.71347	-0.49195	0.49895
0.4082	-0.87766	0.25117
0.18934	0.11303	0.97538
0.39446	-0.59391	0.7012
-0.68211	-0.66104	0.31266
0.80259	0.55376	0.22181
-0.075787	0.075277	0.99428
-0.19963	0.82341	0.53118
-0.58271	0.090755	0.80759
0.89657	-0.17043	0.4088
0.92423	-0.31693	0.21298
-0.82674	0.22892	0.5139
-0.086629	0.78711	0.6107
-0.46805	-0.85066	0.23939
0.69142	0.37724	0.61614
0.74192	-0.36041	0.56539
-0.63479	-0.52465	0.56726
-0.03752	-0.72855	0.68396
-0.71684	0.65276	0.24502
0.77397	-0.52242	0.35784
-0.20481	0.72126	0.66169
0.56929	0.064304	0.81962
0.20603	-0.96835	0.14087
-0.54571	-0.051842	0.83637
0.27139	-0.92545	0.26436
-0.22512	-0.8868	0.40362
0.46318	-0.32146	0.82591
0.32522	0.53188	0.78188
0.15387	-0.57927	0.80048
-0.082324	0.67584	0.73244
-0.25154	0.26904	0.9297
-0.89623	0.21396	0.38857
-0.34075	-0.88181	0.32602
-0.54355	0.67404	0.50022
-0.42084	0.43304	0.7971
0.20791	-0.7575	0.61884
-0.76825	0.2032	0.5735
-0.33384	0.3124	0.86681
-0.68646	-0.35985	0.59974
0.35066	-0.911	0.086724
0.27165	-0.90177	0.27094
0.011051	-0.3328	0.92169
-0.15666	0.39443	0.88334
0.63783	0.74314	0.036314
0.81259	0.30765	0.45327
-0.49909	-0.18858	0.82204
-0.53936	-0.52732	0.62563
0.35448	-0.60172	0.68752
-0.31984	-0.88274	0.28084
-0.85326	0.46862	0.11291
0.89094	-0.2471	0.32491
0.89262	0.303	0.26799
-0.49817	0.22804	0.81254
-0.04356	-0.97709	0.061694
-0.74128	0.5997	0.2264
0.43292	0.30442	0.82481
0.18432	0.0020478	0.96251
-0.21035	0.86639	0.40685
-0.50672	0.67673	0.49566
0.48032	-0.82686	0.21448
0.1135	0.80952	0.54056
-0.0054133	0.89519	0.39874
0.49759	0.087621	0.83972
-0.92822	0.31432	0.0028564
0.86078	0.45706	0.10274
0.80669	-0.2135	0.51387
0.67079	0.36222	0.61582
0.79631	-0.020178	0.57086
-0.65504	-0.65655	0.31664
0.37499	-0.43696	0.793
0.93668	-0.25897	0.12636
0.57383	0.56658	0.55687
-0.37553	-0.65276	0.62712
0.51291	0.44434	0.70702
0.020851	0.6957	0.68991
-0.28107	0.51318	0.78616
0.95722	-0.072749	0.19708
0.33743	0.51252	0.76411
-0.96629	0.13006	0.098795
0.2021	0.88698	0.36444
-0.49692	-0.78783	0.30461
0.00073937	-0.51141	0.83598
-0.17967	-0.43104	0.86158
0.88658	-0.41581	0.038544
0.65174	-0.71177	0.17035
0.25198	0.36744	0.87286
0.53656	-0.11573	0.81185
0.57319	0.75972	0.23383
-0.91193	0.29169	0.20903
-0.0055205	0.059475	0.97818
0.46177	0.85819	0.10336
-0.24116	0.15339	0.9374
-0.75463	0.62512	0.012685
0.68227	-0.35948	0.60472
-0.066	0.23909	0.94809
-0.17883	-0.031371	0.96304
0.19752	-0.20219	0.93835
0.31411	0.7823	0.49974
0.053585	0.4014	0.89242
0.5315	-0.49092	0.66099
-0.58148	0.51774	0.59516
-0.85544	0.25483	0.40457
-0.18136	-0.85821	0.43702
0.19724	-0.39319	0.87573
-0.43839	-0.8692	0.11267
0.68678	-0.16863	0.67845
0.75271	0.17358	0.60307
0.71865	0.4777	0.46448
0.80418	0.47946	0.28951
-0.60761	-0.7572	0.13364
0.1542	-0.71963	0.64711
-0.17293	-0.2385	0.93467
-0.12641	0.94433	0.22949
-0.73825	-0.0095614	0.64444
-0.023615	-0.66732	0.7173
0.65338	-0.53745	0.49461
-0.67531	0.57457	0.4174
0.39693	0.84139	0.30809
-0.47472	0.84795	0.12655
-0.73733	0.40024	0.50651
-0.92621	0.098456	0.3047
0.78263	-0.58109	0.10113
-0.40064	0.60789	0.65601
-0.79712	-0.17278	0.54327
0.40173	-0.80379	0.39106
-0.66007	-0.18659	0.69992
-0.53343	-0.36369	0.73728
-0.3743	-0.49417	0.75901
-0.85125	0.04097	0.48384
-0.31187	0.75433	0.54232
-0.31934	0.89657	0.23364
0.89682	-0.060795	0.39042
-0.25072	-0.9437	0.083488
-0.34914	-0.32177	0.8573
0.32413	0.15577	0.91163
-0.63318	0.73739	0.12543
-0.56844	-0.011455	0.79821
0.73137	-0.57424	0.30943
0.59881	0.22954	0.74104
-0.40913	0.068512	0.88788
0.11877	0.97238	0.027767
0.84883	-0.42828	0.23761
-0.95837	-0.059656	0.19587
0.49677	0.7216	0.43923
-0.19616	-0.7445	0.60633
-0.12792	-0.94014	0.2453
0.18125	-0.56747	0.77816
0.40838	0.63825	0.6215
0.31722	-0.74403	0.55335
-0.78678	-0.49235	0.31458
-0.81568	0.43867	0.32036
-0.3441	-0.1147	0.91041
0.18638	-0.84992	0.45089
0.0099323	-0.89875	0.39058
0.36441	-0.056345	0.90798
0.93888	0.27105	0.073697
0.0093681	-0.13937	0.96999
0.16597	-0.96462	0.048667
-0.80834	-0.33828	0.43881
0.58051	-0.7019	0.36158
-0.083457	0.97564	0.039594
0.2724	0.92597	0.16963
0.07182	0.95301	0.21683
0.13896	0.2124	0.94656
-0.464	0.42872	0.7492
-0.53016	-0.67077	0.47895
0.94296	0.11725	0.23974
-0.58042	0.72718	0.30778
0.78572	-0.39878	0.42897
-0.95118	-0.21843	0.089104
-0.36239	-0.78218	0.46611
-0.86549	-0.43593	0.1459
-0.4166	0.8072	0.3678
-0.0048686	-0.80338	0.56121
0.66061	0.029753	0.72327
-0.67863	-0.52056	0.47841
0.55159	-0.80961	0.025877
-0.28315	0.93687	0.049994
0.37892	-0.25348	0.86751
0.088937	-0.94973	0.22471
0.49575	-0.65361	0.53612
0.54435	-0.30981	0.75372
-0.89795	-0.2843	0.27067
-0.89641	-0.12059	0.37723
0.97629	0.075001	0.040392
-0.62905	0.3385	0.67091
0.73573	0.62582	0.16567
-0.75246	-0.61162	0.14186
-0.20386	-0.59653	0.75033
-0.066276	0.55655	0.8039
0.14343	0.55201	0.79694
-0.19449	0.67052	0.68773
-0.097831	0.79792	0.56049
-0.6474	0.14601	0.72108
0.65798	0.63254	0.35687
0.22295	0.68371	0.66575
0.87173	0.12649	0.42952
-0.79641	0.21741	0.59905
-0.34798	0.41519	0.86425
-0.6523	-0.34821	0.7026
0.46067	-0.88723	0.20248
0.38433	-0.85842	0.39472
0.077986	-0.20467	0.99621
-0.17255	0.51914	0.86088
0.82477	0.46196	0.38308
-0.46848	-0.12146	0.89787
-0.48175	-0.50175	0.74604
0.45329	-0.48125	0.77674
-0.22953	-0.89548	0.43109
-0.92796	0.41354	0.090931
0.9591	-0.11823	0.32641
0.90167	0.43779	0.18903
-0.51118	0.30456	0.82846
0.05865	-0.99738	0.20541
-0.82176	0.57568	0.18358
0.44501	0.47606	0.78469
0.22392	0.16178	0.98188
-0.2937	0.92786	0.30533
-0.57766	0.71731	0.43838
0.59056	-0.76941	0.31567
0.05204	0.92097	0.43533
-0.084867	0.97632	0.28285
0.53501	0.26223	0.82789
-0.99332	0.23174	0.0033278
0.87496	-0.06424	0.52031
0.67797	0.52793	0.54959
0.84609	0.14142	0.55185
-0.59874	-0.6911	0.45198
0.46104	-0.29472	0.8608
1.0008	-0.15513	0.12141
0.55432	0.71936	0.46439
-0.29908	-0.61411	0.75751
0.50918	0.6101	0.63947
-0.026848	0.81711	0.60993
-0.31703	0.61443	0.74991
1.0051	0.048294	0.1666
0.32243	0.6712	0.69708
-1.0102	0.053126	0.13034
-0.47422	-0.89946	0.080546
0.12958	0.98321	0.23855
-0.42185	-0.81201	0.45064
0.082914	-0.40149	0.93399
-0.11129	-0.33299	0.95767
0.9622	-0.33383	0.055857
0.75448	-0.64105	0.24539
0.25285	0.53001	0.834
0.59553	0.053382	0.82638
0.52238	0.86987	0.10414
-0.96697	0.24046	0.21808
0.022002	0.20436	0.99908
-0.23307	0.27158	0.95516
-0.79125	-0.63954	0.072919
0.76451	-0.21281	0.64081
-0.060315	0.37823	0.94536
-0.90398	-0.46787	0.065644
-0.14845	0.091954	1.0049
0.25799	-0.049954	0.98557
0.26109	0.90673	0.38739
0.044651	0.54826	0.85896
0.62407	-0.35414	0.72493
-0.63506	0.56155	0.56724
-0.89789	0.23696	0.42196
-0.083328	-0.83376	0.58164
0.27538	-0.2551	0.94841
-0.35947	-0.91797	0.26177
0.75189	-0.0057632	0.68923
0.78193	0.34062	0.55944
0.71025	0.62882	0.37489
0.79253	0.61327	0.19027
-0.54553	-0.81661	0.2756
0.25685	-0.62779	0.76178
-0.12179	-0.12409	1.0051
-0.22107	0.98994	0.10743
-0.74078	0.012565	0.70106
0.069805	-0.58125	0.83527
0.74929	-0.41438	0.5543
-0.74425	0.58447	0.38064
0.33402	0.94727	0.17753
-0.57514	0.84177	0.032222
-0.78722	0.41269	0.50037
-0.64732	-0.78361	0.085626
-0.95833	0.054935	0.34494
0.87397	-0.50435	0.14902
-0.45515	0.68071	0.60817
-0.78825	-0.17551	0.6231
0.51294	-0.72749	0.49805
-0.63954	-0.15318	0.7797
-0.48874	-0.3169	0.83732
-0.30973	-0.43193	0.87058
-0.86856	0.029681	0.53397
-0.38244	0.82289	0.46582
-0.41566	0.92263	0.12796
0.94808	0.083072	0.36693
-0.15849	-0.98026	0.2332
-0.2982	-0.23817	0.94591
0.35088	0.32569	0.90067
-0.72769	0.71266	0.054627
-0.5595	0.049906	0.85139
0.82743	-0.47171	0.36505
0.6216	0.40321	0.70103
-0.39981	0.16075	0.92451
0.93134	-0.32104	0.26447
-0.97895	-0.1264	0.25705
0.78657	-0.64925	0.013636
0.45436	0.85349	0.32483
-0.10461	-0.69367	0.74046
-0.026145	-0.94075	0.39333
0.27357	-0.44978	0.87364
-0.27943	-0.97921	0.05883
0.37786	0.78614	0.52878
0.42488	-0.65061	0.66075
-0.069444	-1.0171	0.033895
-0.75225	-0.53592	0.4328
-0.87876	0.41704	0.30701
-0.31267	-0.017477	0.97074
0.29691	-0.78713	0.57678
0.11727	-0.8634	0.53027
0.4145	0.11154	0.92528
0.057804	0.00067044	1.0184
0.27377	-0.96595	0.17998
-0.78627	-0.36173	0.53975
0.68636	-0.60978	0.44439
0.14028	-1.0103	0.0049264
0.19154	1.0014	0.028939
-0.017245	1.0164	0.083467
0.15455	0.37075	0.93758
-0.49887	0.50443	0.73286
-0.46239	-0.66956	0.61505
0.97211	0.24805	0.18404
-0.66569	0.73419	0.24129
0.86958	-0.26882	0.4604
-0.9587	-0.30425	0.16946
-0.2776	-0.76926	0.60957
-0.84542	-0.51059	0.25487
-0.50238	0.84116	0.28366
0.097946	-0.74193	0.69307
0.70572	0.20174	0.70828
-0.63169	-0.53014	0.60027
0.656	-0.77248	0.1155
0.44862	-0.095188	0.91109
0.19859	-0.93234	0.3629
0.59965	-0.54289	0.62136
0.62176	-0.15348	0.79389
-0.89046	-0.33989	0.36326
-0.9022	-0.15614	0.4495
-0.66303	0.38417	0.67321
0.70217	0.73845	0.045153
-0.71031	-0.68029	0.27032
-0.12297	-0.52147	0.86795
-0.098607	0.68261	0.75148
0.11867	0.6975	0.73472
0.5233	-0.87552	0.0052726
-0.24719	0.76984	0.62181
-1.0102	-0.13659	0.036217
-0.1648	0.89127	0.46784
-0.66027	0.19232	0.7533
0.62762	0.76585	0.24488
0.18274	0.82109	0.5769
0.904	0.27845	0.38163
