0.7311	-0.47459	0.49016
0.55156	0.15369	0.81986
0.41705	0.81985	0.39233
0.61951	0.53689	0.57267
-0.049291	-0.17824	0.98275
0.72128	-0.68682	0.089661
0.44941	0.88076	0.14931
-0.32094	0.9388	0.12507
-0.2532	-0.86434	0.43452
-0.73375	-0.64183	0.22285
0.45614	0.51421	0.72631
0.11912	-0.91076	0.39538
-0.627	-0.59341	0.50471
0.34512	-0.62902	0.69658
0.50069	-0.85608	0.12821
-0.56239	-0.39293	0.72755
-0.85489	0.51211	0.083079
-0.25848	0.48355	0.83628
-0.0065781	-0.90924	0.41622
0.92949	0.27087	0.25037
-0.36046	-0.50858	0.78193
0.4061	0.61896	0.67229
0.047653	-0.092596	0.99456
0.71719	-0.63642	0.28391
-0.45118	-0.56135	0.69377
-0.69612	-0.059536	0.71545
-0.17493	-0.47972	0.85981
0.65708	-0.64769	0.38568
-0.28733	-0.43386	0.85394
-0.80328	0.076977	0.59061
-0.43152	-0.65839	0.61669
-0.65261	-0.39175	0.64856
0.38981	0.76889	0.50682
-0.66126	-0.17359	0.7298
0.31476	-0.84058	0.44086
0.31405	-0.5409	0.78026
-0.46373	-0.45352	0.7611
0.20424	0.90555	0.37185
-0.55524	0.71875	0.41846
-0.2592	0.59372	0.76178
0.48844	-0.073988	0.86946
-0.87292	0.2189	0.436
-0.89333	-0.41035	0.18325
-0.99603	0.08127	0.036209
-0.7208	0.05576	0.69089
-0.094327	0.078942	0.99241
-0.55194	-0.20582	0.80808
-0.080404	-0.77767	0.62351
0.22568	-0.63403	0.73964
-0.35273	0.71971	0.59799
0.08119	0.66606	0.74147
-0.95185	0.29826	0.070839
-0.14469	0.75333	0.64153
-0.1913	-0.00062768	0.98153
0.27737	-0.4462	0.85087
0.72305	0.68569	0.083796
0.61027	-0.41003	0.67782
0.66002	0.59328	0.46086
0.50275	0.39812	0.76729
-0.36238	0.51726	0.77532
-0.12876	0.90261	0.41075
-0.40865	-0.88448	0.22515
-0.92362	-0.37703	0.069129
-0.038542	0.71303	0.70007
0.82791	0.46506	0.3135
0.30939	0.36374	0.87862
0.69487	-0.098722	0.71232
-0.72431	-0.48595	0.48911
-0.92271	0.12542	0.36452
-0.11761	0.95106	0.28575
0.74977	0.5344	0.39021
0.93309	-0.35872	0.02565
0.0071888	0.15493	0.9879
0.75317	0.37281	0.54199
0.23958	-0.95385	0.18102
0.36619	-0.91848	0.14936
-0.95284	-0.18897	0.23745
0.4794	-0.6916	0.54025
0.56436	0.4739	0.67596
-0.98506	0.056751	0.16259
-0.79316	0.42214	0.43896
-0.54995	0.56296	0.61696
0.80814	-0.45169	0.37801
-0.16137	-0.96295	0.21606
-0.52585	-0.81979	0.22679
0.17234	-0.94401	0.28132
-0.33285	-0.88301	0.3309
-0.89074	0.36921	0.26506
0.72272	0.17807	0.66781
0.16395	-0.79353	0.58603
-0.61806	0.78541	0.033557
0.5602	0.6422	0.52322
-0.86278	-0.49648	0.095538
-0.7329	-0.38248	0.56264
-0.35957	-0.92586	0.11614
0.85511	0.51559	0.054397
0.60361	-0.73017	0.32016
-0.70965	0.67533	0.20082
-0.11937	0.20137	0.97222
0.42495	0.32007	0.84674
0.50004	-0.75943	0.4162
-0.59313	-0.089369	0.80013
0.025362	-0.99555	0.090769
0.79112	0.61165	0.0043057
-0.16978	-0.82887	0.53306
0.55151	0.82809	0.10053
-0.82583	0.45991	0.32634
0.9559	-0.19293	0.22145
0.44829	0.19726	0.87185
-0.43936	0.79826	0.412
0.45962	0.8879	0.019351
-0.99611	-0.039793	0.078663
0.23659	-0.34657	0.9077
0.074102	-0.85879	0.50694
0.85667	-0.064616	0.5118
-0.95814	0.15222	0.2425
-0.42895	0.88733	0.16929
0.22316	0.94156	0.25232
-0.56557	-0.75658	0.32819
0.015241	0.99357	0.11217
0.46939	-0.32661	0.82037
0.73798	-0.55206	0.3881
0.79741	0.423	0.43036
0.86468	-0.4286	0.26198
-0.64653	-0.76279	0.012368
-0.2132	-0.3521	0.91136
0.33515	0.24523	0.90969
-0.67178	-0.66596	0.32434
0.42692	-0.90326	0.043081
-0.80922	0.30905	0.49964
-0.056811	-0.51393	0.85595
0.066508	-0.53429	0.84268
-0.82817	-0.1421	0.54217
0.21501	0.28675	0.93357
-0.03755	0.3927	0.9189
0.63912	-0.49586	0.58792
-0.02963	0.87559	0.48214
0.73416	-0.20209	0.6482
0.55916	0.026042	0.82865
0.42883	-0.5283	0.73281
0.63646	-0.20558	0.74341
-0.90814	0.4181	0.021758
-0.34162	-0.61601	0.70981
0.28564	-0.78504	0.54965
-0.89185	-0.11898	0.4364
-0.44847	0.73169	0.51333
-0.00052865	0.97153	0.23693
0.77592	0.57161	0.26686
-0.97675	0.17877	0.11833
-0.032933	-0.97827	0.20473
0.70927	-0.39342	0.58494
0.498	0.7345	0.46098
-0.15332	0.55665	0.81648
-0.8196	-0.57292	0.0055183
-0.7352	0.17066	0.65602
-0.76859	-0.55905	0.31102
0.52405	0.77929	0.34361
0.86662	-0.34412	0.36132
-0.51605	-0.0047327	0.85655
-0.501	-0.32206	0.80329
0.19574	-0.85512	0.48006
-0.71459	0.50024	0.489
0.18247	0.8546	0.48617
-0.36179	0.40398	0.84019
0.042035	-0.95196	0.30334
0.15384	-0.014045	0.988
-0.04405	0.62047	0.78299
0.18938	0.70413	0.68435
0.1649	0.51354	0.84207
-0.10349	0.98179	0.15934
-0.62597	0.76322	0.16018
0.80819	-0.58573	0.061274
-0.70311	-0.58082	0.41023
-0.45961	0.5439	0.70209
0.80865	0.021068	0.58791
0.97203	-0.23472	0.0081751
0.57454	-0.31148	0.75689
-0.78327	-0.6107	0.11631
0.38871	-0.12082	0.9134
-0.46234	0.31966	0.82708
-0.47966	-0.12461	0.86856
0.27641	0.47903	0.83315
-0.54216	-0.84018	0.012805
0.99659	-0.017228	0.080674
-0.94678	-0.28427	0.151
-0.4343	-0.24589	0.86656
0.2384	0.16675	0.95675
0.35239	-0.32895	0.87614
-0.5919	-0.79672	0.12204
-0.95767	0.030137	0.28629
0.85866	0.18661	0.47737
0.53801	-0.5165	0.66617
-0.3723	-0.82045	0.43388
-0.10634	-0.98907	0.10216
0.011658	-0.7113	0.70279
-0.64599	0.63911	0.41741
-0.91179	-0.31459	0.26395
-0.4272	-0.90411	0.0096505
0.53188	0.27784	0.79994
0.63865	0.75298	0.15858
-0.7878	-0.26313	0.5569
-0.74505	0.54502	0.38451
-0.017304	-0.30802	0.95122
-0.28685	-0.93175	0.22264
0.067067	0.75481	0.65251
0.50673	-0.42497	0.75008
-0.91414	0.0040776	0.40537
0.67554	-0.30604	0.67081
-0.97976	-0.16285	0.1164
-0.23484	-0.9657	0.11081
-0.34099	0.79997	0.49373
0.65545	-0.57478	0.4899
0.13678	0.98865	0.062123
-0.044918	0.51135	0.8582
-0.62216	0.72775	0.28863
-0.22743	-0.66029	0.71575
-0.21052	-0.92107	0.32757
-0.53242	0.81959	0.21167
-0.85555	-0.24262	0.45735
-0.73253	0.39361	0.5554
-0.13095	-0.89387	0.42877
-0.73909	0.2837	0.61095
0.79694	-0.37186	0.47604
-0.65352	0.36998	0.66032
-0.24446	0.78307	0.57187
-0.13444	-0.26623	0.95449
0.87044	0.34912	0.34705
0.66459	0.42441	0.61497
-0.2552	0.69497	0.67223
-0.90869	0.39249	0.14223
-0.1651	-0.13177	0.97743
-0.96537	-0.25928	0.028722
0.58977	-0.10042	0.8013
-0.071975	-0.048064	0.99625
0.71414	0.66678	0.21308
-0.20072	-0.75085	0.62924
0.15092	-0.44346	0.8835
0.39687	-0.84564	0.35692
0.69307	0.63596	0.33942
-0.24102	0.24556	0.93894
0.84584	0.49882	0.18903
0.97811	-0.064242	0.19793
0.98233	0.06553	0.17529
-0.35497	0.28592	0.89008
-0.10913	-0.69216	0.71344
0.9696	0.19462	0.14835
0.083026	0.90025	0.42739
-0.65372	0.25865	0.71116
0.95188	0.14939	0.26759
-0.78232	0.56531	0.26154
0.62405	0.72828	0.28315
-0.21762	0.95408	0.20583
0.27734	0.79149	0.54463
-0.82214	-0.5307	0.20603
-0.25357	0.36652	0.89519
-0.79246	-0.46641	0.39303
-0.13822	0.83587	0.53124
0.46421	0.068558	0.88307
0.31981	-0.90823	0.26987
-0.64395	0.4769	0.59824
-0.94142	0.2747	0.19562
-0.30467	-0.95245	0.0043487
0.26104	0.041609	0.96443
0.60483	0.35818	0.71126
0.7981	-0.53534	0.27649
0.80075	0.13828	0.58282
0.65311	0.000444	0.75726
0.30281	0.84779	0.43538
-0.40516	-0.74512	0.52976
0.33701	0.55064	0.76369
0.95643	0.021095	0.29119
-0.86071	0.33674	0.38183
0.16058	-0.98355	0.082792
-0.6439	0.1441	0.75142
0.39319	0.43793	0.80847
0.42662	-0.22448	0.87613
0.81919	-0.17713	0.54549
-0.52601	0.78561	0.32579
-0.31288	0.042581	0.94884
0.98298	-0.15037	0.10551
-0.4282	0.85547	0.29124
-0.4002	-0.041062	0.91551
-0.5417	0.11457	0.83273
0.7758	-0.085234	0.62519
0.89154	-0.14785	0.42814
-0.70048	0.64001	0.31578
-0.016812	0.9328	0.36001
0.32571	0.71463	0.61905
-0.33476	0.86361	0.37697
0.086036	0.34094	0.93614
-0.52768	0.84431	0.09326
0.96541	0.25925	0.027695
0.57291	-0.67686	0.4622
-0.85176	0.48298	0.20306
0.40377	-0.77485	0.48639
-0.2518	-0.55641	0.79183
0.11992	0.97522	0.1859
-0.55707	0.23223	0.79733
0.13339	-0.71868	0.68243
0.64792	0.11953	0.75227
-0.86361	-0.34234	0.37011
0.23976	0.9624	0.12769
0.43602	0.85746	0.27322
-0.54113	-0.59315	0.59612
0.45714	-0.61488	0.64261
-0.78302	-0.041434	0.62062
0.78292	0.25582	0.56709
0.35535	0.12297	0.92661
-0.14996	0.44228	0.88425
0.19294	-0.24425	0.95032
-0.32565	0.91161	0.25082
0.77123	-0.28975	0.5668
-0.73897	-0.67367	0.0097805
-0.70848	-0.27692	0.64914
0.17488	0.78204	0.59819
0.50461	-0.80579	0.30995
0.02349	-0.42745	0.90373
0.19131	-0.54265	0.81788
-0.33872	0.16486	0.92633
-0.4876	-0.76117	0.42762
-0.54259	0.65691	0.52351
0.84522	-0.50965	0.16083
-0.15286	0.66078	0.73485
-0.64561	-0.497	0.57981
-0.32446	-0.30049	0.8969
-0.47956	-0.86926	0.12002
-0.55633	-0.49674	0.66614
-0.8036	-0.36538	0.46981
0.55339	-0.8327	0.019366
-0.63175	0.57713	0.51751
-0.97698	-0.066054	0.20286
0.79147	0.59594	0.13578
0.91838	0.10713	0.38093
0.33958	0.91882	0.20114
0.87066	0.064094	0.48768
-0.13996	0.32199	0.93634
-0.70864	0.70081	0.08188
0.029172	0.032153	0.99906
0.9015	0.23002	0.36659
-0.56237	0.34709	0.75051
-0.78353	0.62096	0.022214
-0.91088	-0.21724	0.35085
0.51642	0.58216	0.62801
0.30544	-0.21585	0.92742
0.16945	-0.13273	0.97656
0.62278	-0.77566	0.10247
0.91754	-0.31514	0.24251
-0.037885	0.8012	0.5972
0.87848	-0.47579	0.043577
-0.21849	0.12374	0.96796
0.28809	-0.95542	0.0647
-0.46393	0.43426	0.77213
-0.28912	-0.79379	0.53508
0.85028	-0.26159	0.45673
0.99145	0.11634	0.059076
0.56199	-0.59894	0.57047
0.63113	0.23954	0.73776
-0.81215	0.19412	0.55021
0.5695	-0.79481	0.20966
-0.3953	-0.38014	0.8362
-0.35885	0.62392	0.69422
0.071092	0.83548	0.5449
-0.45164	0.20136	0.86918
-0.24812	-0.21717	0.94407
-0.62377	0.02767	0.78112
0.10245	0.94581	0.30814
0.90624	-0.39759	0.14368
0.041559	-0.79158	0.60965
-0.6351	-0.73836	0.22689
0.35345	0.93232	0.076464
-0.018136	-0.61878	0.78536
0.10362	-0.6317	0.76826
0.59971	0.69018	0.40496
-0.43094	0.080737	0.89876
-0.8491	-0.44088	0.29096
0.64367	0.7647	0.030249
0.66945	-0.7139	0.20539
0.25452	-0.71588	0.65019
0.95253	-0.27762	0.12499
0.54114	0.81075	0.22328
0.89259	0.38792	0.22979
0.068789	-0.21799	0.97352
0.53003	-0.20292	0.82334
-0.45307	0.64514	0.61525
-0.28063	-0.082787	0.95624
0.43722	-0.8687	0.23283
0.2464	-0.89842	0.3635
0.44915	0.68371	0.57515
-0.42117	0.90584	0.04541
0.91254	-0.2306	0.33779
0.1881	0.40142	0.89637
0.19576	0.60339	0.77304
0.9434	-0.10704	0.31392
-0.91621	0.24607	0.31625
0.83364	0.30618	0.45967
0.10618	-0.33723	0.93541
-0.23606	0.85782	0.45653
-0.94178	-0.092545	0.32324
-0.36101	-0.16557	0.91775
0.90161	0.41962	0.10494
-0.51751	-0.68182	0.51701
0.28894	0.64433	0.70806
-0.85569	-0.020602	0.51708
-0.20813	0.97489	0.079153
0.37679	-0.0024631	0.9263
0.27685	-0.086251	0.95703
-0.22843	0.91462	0.3336
-0.59916	-0.68058	0.4217
0.39391	-0.43268	0.81094
-0.09091	0.9953	0.033354
0.91472	-0.022004	0.40348
-0.61668	-0.28495	0.73383
0.062593	0.57264	0.81741
-0.87073	0.10006	0.48148
0.69989	0.30388	0.64639
0.11122	0.22462	0.96808
0.76915	-0.61433	0.17609
-0.75148	-0.15985	0.64009
-0.085318	-0.94405	0.31857
0.098762	-0.97689	0.18958
-0.55845	0.45796	0.69167
-0.69352	-0.71018	0.12111
0.73379	0.045813	0.67783
-0.78864	0.59806	0.14272
0.13437	0.10545	0.9853
-0.13743	-0.59387	0.79274
-0.097893	-0.39592	0.91305
0.37224	-0.70809	0.60003
0.064568	0.45624	0.88751
0.94104	0.31305	0.12826
0.32348	0.89012	0.321
-0.45142	-0.82921	0.3296
-0.31808	-0.71086	0.62729
-0.017396	0.27447	0.96144
0.71285	0.48599	0.50562
-0.048246	-0.85037	0.52397
0.66007	-0.65614	0.30689
0.16304	-0.05275	0.9649
0.8223	-0.24328	0.47439
0.51792	-0.75906	0.34057
0.39058	0.46618	0.76845
0.083125	0.97625	0.020483
0.78027	-0.53178	0.26229
-0.95119	-0.23458	0.024528
-0.96589	-0.097825	0.13372
0.19381	-0.53177	0.80003
-0.3307	0.91452	0.12121
0.59128	0.01794	0.78132
0.65858	0.47869	0.54546
-0.49156	-0.81992	0.21566
0.89326	0.37581	0.1458
-0.13126	-0.04804	0.96998
-0.63113	-0.73703	0.13735
-0.78794	-0.35909	0.45891
0.18979	0.1087	0.95528
0.18192	-0.21624	0.93837
-0.92919	-0.076754	0.30186
-0.68803	-0.33534	0.61202
0.33798	-0.57413	0.71871
-0.77367	-0.03677	0.6004
0.25883	0.82472	0.46179
-0.25444	-0.61672	0.71786
0.11089	0.67934	0.69757
0.93904	-0.23979	0.14528
0.19047	-0.37688	0.88435
-0.15441	0.88891	0.38261
0.72781	-0.38447	0.53186
0.21328	0.27886	0.91496
0.52287	0.33763	0.75698
0.51236	0.83301	0.063122
0.40351	0.73254	0.51084
-0.64295	0.42646	0.60427
0.1193	0.8935	0.38449
0.34407	-0.91415	0.079606
0.63328	0.73358	0.14567
0.71116	-0.52377	0.42464
-0.87399	-0.22373	0.38274
-0.22527	-0.95169	0.062776
-0.60726	0.6729	0.37261
0.44332	-0.72548	0.48739
0.80523	0.51779	0.20951
-0.88938	0.38011	0.15785
-0.42048	-0.21908	0.85767
-0.55059	0.77471	0.2389
0.39619	0.60789	0.65871
-0.81382	0.11508	0.53371
-0.426	-0.38251	0.79537
0.29992	-0.89675	0.25746
0.037231	-0.4731	0.85743
-0.65971	-0.019674	0.72442
-0.035731	0.75175	0.62769
0.0608	-0.94386	0.25658
-0.46367	0.76602	0.39827
0.89508	-0.2449	0.31506
0.8856	-0.08708	0.41052
-0.67407	-0.47918	0.52575
0.96217	0.072224	0.17149
-0.09181	-0.8149	0.53657
0.34431	-0.82379	0.40401
0.6852	0.64517	0.27324
0.31886	-0.064316	0.92444
-0.26877	0.049596	0.94112
-0.91375	0.2416	0.25902
-0.2284	-0.74108	0.59919
0.84372	0.49769	0.028871
-0.79276	-0.20323	0.53909
0.26545	0.71493	0.61548
0.59277	-0.76061	0.17463
0.53259	0.48297	0.66594
0.17742	-0.89063	0.36837
0.33686	-0.24776	0.88631
0.46948	-0.13726	0.84921
0.68964	-0.079079	0.69176
-0.7104	-0.62683	0.25061
-0.89696	0.097158	0.38266
0.37287	0.31103	0.85125
-0.052125	0.62718	0.75122
-0.21471	0.55982	0.77518
0.61057	-0.35438	0.67972
-0.23193	-0.91697	0.25646
-0.016379	0.85512	0.47843
-0.95282	0.21343	0.083563
0.10923	0.95385	0.19656
-0.39259	0.85883	0.26208
-0.25303	0.23559	0.91699
-0.89783	-0.37878	0.10404
-0.62462	0.75195	0.069439
0.91602	0.072109	0.34074
-0.50918	0.53601	0.64329
-0.52972	0.22163	0.79415
-0.68786	0.66474	0.21301
-0.63833	-0.61109	0.42369
0.25323	0.90387	0.28159
0.18657	-0.95063	0.14799
-0.3917	-0.66315	0.60598
0.060149	-0.76148	0.61394
0.045998	-0.86343	0.46128
-0.27352	-0.47246	0.81386
0.80048	-0.085181	0.55891
0.74841	0.62628	0.089766
0.12204	0.79587	0.55866
0.75723	0.498	0.37283
-0.76047	-0.50185	0.36087
-0.12352	-0.40063	0.8858
0.6303	-0.75041	0.0038965
0.49375	-0.84559	0.03983
0.58624	-0.63316	0.46457
0.97355	-0.080891	0.077786
-0.51288	0.39302	0.73681
-0.23336	0.40555	0.86109
0.24412	0.94453	0.093112
0.027558	-0.31333	0.92815
-0.49498	0.65999	0.52897
-0.81717	-0.51013	0.18
-0.41454	-0.5315	0.71139
-0.30662	0.8399	0.40118
0.071855	0.38657	0.89767
-0.20532	0.93049	0.22899
-0.41815	-0.036161	0.88558
-0.68324	-0.18133	0.67875
-0.40015	0.14296	0.88309
-0.36047	0.62212	0.66591
0.85807	0.22474	0.41665
0.72062	-0.23602	0.6208
0.77049	0.36423	0.48383
-0.74528	0.63485	0.043859
0.63548	0.18552	0.7226
0.85141	0.36888	0.31534
0.82683	-0.51835	0.089849
-0.83483	0.40411	0.31647
-0.6987	0.12946	0.67487
-0.74782	-0.62964	0.068736
-0.80121	0.5323	0.18741
-0.54866	-0.12488	0.80236
0.34027	0.14305	0.90783
-0.84339	0.49872	0.019315
-0.639	0.27949	0.68845
-0.073525	-0.91312	0.34816
0.90626	-0.37169	0.030671
0.72011	-0.64981	0.13994
0.61015	-0.5002	0.5813
0.014543	-0.14376	0.96929
-0.089255	-0.96159	0.16666
0.4481	-0.84441	0.21583
0.81626	-0.39237	0.37437
-0.75254	0.4198	0.46675
0.52606	0.61658	0.5509
-0.37965	-0.83992	0.33288
-0.34191	0.74075	0.54294
-0.5632	-0.29009	0.7477
0.49834	0.18269	0.82382
-0.92557	-0.2421	0.21237
-0.1131	-0.55479	0.79988
-0.11785	0.14172	0.96251
-0.13416	-0.23139	0.94279
-0.20356	0.95818	0.029139
0.73402	0.072233	0.64529
-0.86435	-0.056695	0.45835
-0.071916	0.48061	0.85102
0.34006	-0.42098	0.81703
-0.38741	0.31992	0.8414
0.25026	0.58373	0.74634
-0.84664	0.2614	0.41866
0.92139	0.22547	0.24619
-0.63373	0.55773	0.49772
-0.49157	-0.71699	0.45242
-0.3437	-0.77973	0.48404
-0.20108	0.69132	0.66486
0.87408	-0.39163	0.2074
-0.95104	0.077286	0.22349
-0.21187	-0.85879	0.42188
0.045159	-0.62093	0.75684
0.32184	-0.70831	0.59592
-0.36969	0.48337	0.76817
-0.024465	0.93482	0.29311
0.47343	-0.60393	0.60954
0.45081	0.025132	0.86979
0.65636	0.33923	0.64383
-0.36158	-0.8989	0.14708
0.76238	0.22151	0.57455
-0.0875	-0.69568	0.68467
0.95143	0.22432	0.069762
-0.092317	0.31741	0.92256
-0.28057	-0.13425	0.92933
-0.85663	-0.37786	0.28948
0.53608	0.72157	0.39034
0.019149	0.043043	0.97887
-0.51201	-0.83439	0.045114
0.38589	0.88393	0.17365
-0.57803	-0.72672	0.31331
0.20681	-0.80303	0.52228
-0.73289	0.5501	0.34738
-0.54728	0.062045	0.81057
0.52006	0.7938	0.24459
0.18747	-0.67549	0.68481
-0.97676	0.053004	0.059472
0.64261	0.60263	0.42928
-0.061121	0.9701	0.12478
-0.55956	-0.44467	0.6705
0.47496	-0.31253	0.79821
-0.1792	0.80153	0.53464
-0.48526	0.84616	0.094562
0.39058	0.82588	0.35464
0.091683	0.54098	0.81199
-0.754	0.27447	0.56262
0.046153	-0.97705	0.060309
-0.53894	-0.58617	0.57127
0.5933	-0.19226	0.75593
0.83977	0.072929	0.49986
-0.27905	-0.31323	0.88567
0.23605	0.43714	0.84474
0.48156	-0.46658	0.7147
0.94376	-0.087266	0.24919
0.048419	0.21817	0.95418
0.76206	-0.56308	0.37763
0.0078863	-1.0144	0.10622
0.20768	0.10384	0.99322
0.89284	-0.099056	0.48315
0.62679	-0.67764	0.43398
0.38242	0.62952	0.70559
0.87198	-0.43029	0.30804
-0.95927	-0.33033	0.10528
-0.98492	-0.17543	0.19888
0.28362	-0.40872	0.89045
-0.43317	0.9234	0.010174
0.63721	0.19136	0.77314
-0.4532	-0.91369	0.013234
0.65078	0.63584	0.46107
-0.41605	-0.85748	0.36337
0.89052	0.49456	0.052759
-0.097249	0.080545	1.0122
0.31082	-0.96667	0.096637
-0.57184	-0.79768	0.27769
-0.7623	-0.37811	0.56243
0.21825	0.27065	0.95891
0.2433	-0.065898	0.98836
-0.94329	-0.12549	0.36722
-0.65605	-0.32143	0.71182
0.43443	-0.44999	0.80572
-0.77614	-0.025297	0.66133
0.19814	0.93923	0.34494
-0.17435	-0.55192	0.83987
0.068313	0.81029	0.61577
1.0019	-0.13244	0.13804
0.26698	-0.23777	0.95529
-0.23899	0.95288	0.27441
0.81171	-0.24469	0.56714
0.22346	0.44155	0.89191
0.53231	0.50897	0.70569
0.35918	0.8661	0.40157
-0.68888	0.46323	0.59268
0.043895	0.98472	0.26231
0.45394	-0.89216	0.19592
0.58423	0.83599	0.014152
0.80525	-0.40498	0.47746
-0.86808	-0.25892	0.46883
-0.13203	-0.989	0.21177
-0.68559	0.68542	0.31713
-0.90277	-0.47465	0.010851
0.55118	-0.62891	0.58402
0.78686	0.64092	0.10235
-0.14694	-1.0092	0.017023
-0.95459	0.32583	0.15163
-0.38271	-0.13979	0.93509
-0.64215	0.77574	0.16211
0.36969	0.75928	0.57203
-0.8358	0.1167	0.57291
-0.37358	-0.31712	0.89458
0.41259	-0.85248	0.37874
0.11744	-0.35546	0.94882
-0.65567	0.021666	0.78104
-0.093397	0.8599	0.54061
0.16996	-0.92439	0.39626
-0.54576	0.7988	0.32322
0.96281	-0.11702	0.31574
0.9399	0.057969	0.39195
-0.62964	-0.48028	0.64288
0.99431	0.19371	0.11927
0.0083033	-0.7659	0.67359
0.45603	-0.75173	0.51705
0.65158	0.76917	0.15563
0.36875	0.10132	0.9456
-0.25072	0.16295	0.97518
-0.9619	0.19625	0.27682
-0.13857	-0.69438	0.73419
-0.5913	-0.8254	0.097319
-0.78072	-0.20693	0.62294
0.22174	0.84988	0.51859
0.69867	-0.6963	0.25966
0.52411	0.6456	0.59068
0.28901	-0.84191	0.49806
0.40514	-0.090683	0.93169
0.52963	0.030209	0.8712
0.746	0.088323	0.68999
-0.66143	-0.67577	0.38244
-0.92522	0.067943	0.42398
0.38309	0.48083	0.8139
-0.093131	0.74869	0.68643
-0.25358	0.66717	0.72868
0.69236	-0.20358	0.72083
-0.13582	-0.92555	0.40658
-0.089289	0.94586	0.37117
-1.0055	0.13772	0.10207
0.020685	1.018	0.060645
-0.48656	0.88092	0.16622
-0.25461	0.35172	0.92297
-0.88629	-0.46129	0.20517
0.95242	0.21397	0.29583
-0.56046	0.59446	0.61066
-0.5438	0.29217	0.81198
-0.77369	0.64566	0.15788
-0.58246	-0.62708	0.55489
0.17788	0.99336	0.14832
0.29708	-0.93496	0.27926
-0.31547	-0.62946	0.73801
0.16271	-0.68482	0.7382
0.15338	-0.81323	0.59627
-0.20577	-0.3917	0.91904
0.85674	0.073394	0.54864
0.062918	0.91047	0.4555
0.74489	0.63994	0.27572
-0.72242	-0.53626	0.48055
-0.055492	-0.29273	0.97552
0.73054	-0.70727	0.080553
0.46597	-0.9072	0.016348
0.60035	-0.81301	0.13784
0.68872	-0.52356	0.54033
1.0188	0.023995	0.044115
-0.54618	0.46119	0.72759
-0.25386	0.51974	0.84013
0.09327	-0.18213	0.99926
-0.56261	0.7062	0.47451
-0.78651	-0.57693	0.29824
-0.34914	-0.48116	0.82884
-0.39079	0.89041	0.30798
0.065286	0.53561	0.8656
0.84016	-0.57794	0.022612
-0.30133	0.96793	0.11275
-0.39834	0.052164	0.93755
-0.66479	-0.15317	0.75828
-0.39843	0.23729	0.90849
-0.4147	0.70069	0.61437
0.8792	0.376	0.355
0.79192	-0.080048	0.63785
0.77637	0.52036	0.40851
0.66349	0.35894	0.68655
-0.71566	-0.72671	0.010924
0.8538	0.50828	0.23038
0.9128	-0.43732	0.12627
-0.89512	0.37914	0.30888
-0.71325	0.16352	0.71059
-0.70616	-0.70907	0.19737
-0.87813	0.49494	0.15599
-0.52709	-0.06388	0.87092
0.36878	0.31367	0.89778
-0.66659	0.32525	0.70019
0.030912	-0.89256	0.49272
0.97772	-0.28781	0.040477
0.81775	-0.57526	0.20187
0.70368	-0.36767	0.64035
0.063592	-0.0034291	1.018
0.013381	-0.97053	0.31352
0.55908	-0.79038	0.32114
0.89863	-0.26729	0.40177
-0.80637	0.42541	0.45737
0.49947	0.76507	0.45342
-0.29407	-0.84977	0.48147
-0.4121	0.8061	0.46986
-0.52686	-0.2428	0.83897
0.52535	0.35748	0.79788
-0.92546	-0.30789	0.29854
-0.81729	-0.60086	0.10679
-0.031655	-0.46246	0.90858
-0.10336	0.2754	0.97666
-0.08213	-0.1118	1.0105
0.77458	0.24104	0.61832
-0.87285	-0.075529	0.52233
-0.094917	0.6111	0.81114
0.16156	-1.0071	0.0048063
0.42406	-0.27823	0.88496
-0.40509	0.41391	0.83963
0.22419	0.73308	0.67286
-0.88897	0.24663	0.4351
0.93875	0.35788	0.17627
-0.69667	0.5831	0.46373
-0.41855	-0.71708	0.59246
-0.25788	-0.76227	0.62677
-0.29426	-0.96978	0.11547
-0.25696	0.78716	0.59561
0.95261	-0.28541	0.22689
-0.98465	0.018837	0.26555
-0.11537	-0.83957	0.56763
0.13754	-0.52111	0.86599
0.42742	-0.60726	0.69925
-0.40628	0.57252	0.73997
-0.11237	0.99955	0.16933
0.57393	-0.48332	0.69095
0.49413	0.19797	0.87008
0.66639	0.50706	0.58243
-0.27568	-0.93583	0.29769
0.78596	0.38653	0.52274
0.0054999	-0.62141	0.80884
-0.096583	0.45223	0.90915
-0.24423	-0.028511	0.98992
-0.83732	-0.42903	0.39399
0.49335	0.85012	0.27257
0.049268	0.19003	1.0009
-0.44162	-0.89942	0.19081
0.31351	0.97004	0.033544
-0.51186	-0.756	0.45482
0.31565	-0.72653	0.64259
-0.80372	0.54342	0.31484
-0.54482	0.12919	0.85258
0.46422	0.90119	0.11293
0.28801	-0.5737	0.79267
-1.0144	-0.032721	0.10138
0.61734	0.74431	0.32448
-1.0036	-0.18217	0.0040768
-0.50968	-0.41235	0.7814
0.55175	-0.15653	0.84348
-0.25029	0.88319	0.44468
-0.58696	0.83419	5.8207e-05
0.33068	0.93759	0.228
0.066784	0.68333	0.75432
-0.78946	0.29031	0.57696
0.15145	-0.98875	0.1996
-0.47707	-0.57007	0.69845
0.66027	-0.027774	0.77696
0.87893	0.23073	0.4633
-0.22557	-0.21836	0.97048
0.22814	0.59581	0.79584
0.57171	-0.32618	0.7792
0.99453	0.03975	0.22299
0.060498	0.3689	0.94903
