0.98572	0.16589	0.028971
0.73873	0.1838	0.64845
0.043296	-0.57446	0.81738
-0.77192	-0.32231	0.54795
0.3367	-0.59864	0.72682
0.36648	0.64228	0.67318
-0.60776	-0.63199	0.48085
0.63079	0.13153	0.76473
0.41468	-0.89014	0.18893
0.51894	0.40915	0.75053
0.63876	0.30161	0.70783
0.40585	-0.69087	0.59832
-0.54486	0.58269	0.60299
-0.074682	-0.93816	0.33804
-0.22469	0.91111	0.34553
-0.027532	-0.096538	0.99495
0.08806	0.63755	0.76536
-0.18058	0.98144	0.064516
0.82191	0.47487	0.31459
0.75866	-0.6287	0.1708
-0.13375	-0.37018	0.91928
-0.82728	-0.55665	0.075808
0.61889	0.58456	0.52465
0.99007	-0.00024046	0.14061
-0.73333	0.67986	0.0038684
-0.046785	0.081479	0.99558
-0.88545	0.3543	0.30074
0.30861	0.94288	0.12542
0.51501	-0.80378	0.29783
0.25888	-0.93397	0.24632
0.82914	0.55855	0.023362
0.65593	-0.32099	0.68317
0.5227	-0.396	0.75496
0.14749	-0.81963	0.55358
-0.94838	0.25769	0.18485
0.1286	-0.16448	0.97796
0.093189	-0.95054	0.29629
-0.6882	0.27468	0.67152
-0.7217	-0.69074	0.044953
-0.70961	-0.066746	0.70143
-0.18083	-0.026696	0.98315
-0.43446	-0.72933	0.52851
-0.95249	0.30438	0.011055
0.69935	-0.15517	0.69773
-0.3315	0.53399	0.77779
0.10132	0.015003	0.99474
0.6684	0.69823	0.25634
0.1684	0.82423	0.54063
0.31012	-0.19467	0.93055
-0.98596	0.15555	0.060768
0.086206	-0.71622	0.69253
-0.79698	0.18712	0.57429
-0.1071	-0.52377	0.8451
-0.72548	0.58914	0.35581
0.71762	0.0086161	0.69638
-0.38265	0.86917	0.31323
0.80175	-0.59748	0.014992
-0.94348	-0.0057507	0.33139
0.89124	-0.45348	0.0068845
-0.64078	0.75919	0.11415
0.38746	0.18599	0.90293
0.037203	-0.89132	0.45184
-0.97749	0.074538	0.19735
-0.47233	-0.61563	0.6308
-0.95811	-0.2501	0.13957
-0.53218	0.81607	0.22541
-0.52615	-0.74881	0.40306
-0.010239	-0.26732	0.96355
0.056768	0.96724	0.24745
-0.17698	0.85386	0.48948
0.43897	-0.2893	0.85065
-0.0035028	0.85474	0.51904
-0.30923	-0.94791	0.07647
0.95133	-0.093948	0.29351
0.52837	0.80001	0.28427
-0.75463	0.36178	0.5474
0.053362	0.76185	0.64555
0.24404	0.11553	0.96286
-0.35423	-0.90516	0.23495
0.90719	0.33513	0.25435
-0.28267	-0.806	0.52006
-0.46217	-0.060461	0.88473
0.24256	0.43636	0.86646
-0.65453	-0.38337	0.65163
0.614	-0.48051	0.62618
-0.98234	-0.087172	0.16556
-0.33771	0.81843	0.46488
0.47197	-0.75648	0.45275
-0.39401	0.63333	0.66608
-0.7993	-0.16127	0.57889
0.36694	-0.86012	0.35433
0.31453	-0.80385	0.50486
-0.28762	-0.29858	0.91002
-0.51065	-0.46398	0.72385
0.43535	0.79315	0.4259
-0.19336	0.14966	0.96965
0.23921	0.57955	0.77904
-0.10814	0.9685	0.22431
-0.14859	-0.98713	0.059088
0.87655	0.45896	0.14494
0.21355	0.71215	0.66876
0.59703	-0.052763	0.80048
0.84071	0.20458	0.50135
0.37223	-0.46324	0.80427
0.75003	0.33325	0.57131
0.27709	0.86409	0.4202
-0.065014	-0.67384	0.73601
-0.21126	0.32558	0.92161
0.95569	0.063488	0.28746
0.094194	0.18792	0.97766
-0.47011	-0.87573	0.10996
-0.055952	0.92426	0.37765
0.14954	-0.31791	0.93625
-0.068959	0.55732	0.82743
0.45996	-0.12127	0.87962
0.78825	-0.45833	0.41061
0.84776	-0.30118	0.43657
-0.28453	0.74315	0.60561
-0.1633	-0.19902	0.96629
-0.015674	-0.80128	0.59808
0.20509	-0.89048	0.40617
0.45296	-0.89139	0.015748
-0.32896	0.041526	0.94343
-0.12556	0.77567	0.61853
0.18975	-0.61074	0.76876
-0.63094	0.4418	0.63775
0.97376	-0.17462	0.14593
-0.067556	0.6803	0.72982
-0.79843	0.44241	0.40838
-0.81018	0.0096946	0.58611
-0.8218	-0.40946	0.39623
-0.31535	-0.12928	0.94013
0.77935	-0.24599	0.57629
0.92899	-0.34056	0.14491
0.11253	0.90907	0.40116
-0.90036	0.41372	0.13486
-0.55522	-0.30882	0.77225
0.86534	-0.41075	0.28717
0.8995	0.029271	0.43593
-0.93753	-0.17158	0.30267
0.8125	-0.092142	0.57564
-0.27163	0.94407	0.18695
-0.82717	0.55699	0.074592
0.71355	0.5931	0.37294
-0.057476	0.41012	0.91022
0.15148	0.98289	0.10477
-0.8843	-0.085742	0.45897
0.48089	0.68312	0.54962
0.72828	0.68072	0.078919
0.089142	0.50132	0.86066
0.78336	0.58788	0.20186
0.38759	0.35125	0.85229
-0.6274	-0.75998	0.16969
-0.64799	-0.69211	0.31795
-0.23585	-0.89869	0.36976
-0.59616	0.18276	0.78179
0.51898	0.24848	0.81788
0.57293	-0.22049	0.78939
0.64675	-0.72475	0.23758
0.14378	-0.98056	0.13351
-0.74092	0.64565	0.18486
-0.9035	-0.41262	0.11593
0.095639	0.34896	0.93224
-0.26041	-0.46251	0.84751
-0.49797	0.77521	0.38868
0.63816	0.44988	0.62479
0.73351	-0.39853	0.55058
0.67673	-0.55648	0.48204
0.38435	0.50307	0.77408
0.023297	-0.99956	0.018581
-0.71874	-0.47749	0.50538
-0.99984	2.5766e-05	0.018146
0.58283	0.70151	0.41012
-0.74918	-0.63063	0.20257
-0.60022	-0.52924	0.5997
-0.46304	0.27015	0.84416
-0.68512	0.52298	0.50705
0.24731	-0.055479	0.96735
0.60689	0.78374	0.13208
-0.47832	0.4864	0.73118
-0.59823	0.016832	0.80115
0.29511	-0.35127	0.88855
0.30453	-0.94939	0.076972
0.51102	0.073229	0.85644
-0.85394	0.272	0.44362
0.92155	-0.25322	0.29431
-0.36878	-0.54862	0.75034
-0.86689	-0.25024	0.43113
-0.22144	0.64234	0.73373
0.74639	-0.58362	0.31983
-0.88236	0.092191	0.46147
-0.41491	0.89747	0.14965
-0.5894	-0.80757	0.020987
0.24606	0.27955	0.92806
-0.12705	-0.86154	0.49154
0.83897	0.34941	0.41719
0.81861	0.062925	0.57089
0.48157	-0.5475	0.68435
-0.71334	0.10158	0.69342
-0.4069	-0.38698	0.82745
0.88727	-0.14031	0.43938
-0.7378	-0.56486	0.36957
-0.83456	-0.49277	0.24636
-0.68949	-0.22936	0.68702
-0.31999	-0.68917	0.65012
0.96468	0.18685	0.18571
-0.20497	0.47909	0.8535
-0.50592	-0.82282	0.25887
-0.38543	-0.83686	0.38873
-0.21611	-0.61596	0.75755
0.19404	-0.47709	0.85717
0.50921	0.55377	0.65882
0.21853	0.93811	0.2687
0.55689	-0.82078	0.12723
0.85058	-0.50021	0.16217
0.38216	0.01125	0.92403
-0.025941	-0.98325	0.1804
0.68332	-0.72757	0.060991
-0.55749	0.3521	0.75182
0.32925	0.76417	0.55465
0.61528	-0.68389	0.39209
0.94357	0.32111	0.081016
0.24788	-0.72405	0.64367
-0.90225	-0.33395	0.27282
0.91163	0.20212	0.35787
0.37493	0.88144	0.28722
-0.1952	-0.95681	0.21543
-0.059115	0.25391	0.96542
0.029642	-0.429	0.90282
0.73954	0.47203	0.47986
-0.82418	0.50959	0.24707
0.54879	-0.63162	0.54761
-0.52165	0.8523	0.038356
-0.16917	-0.75391	0.63483
-0.46971	0.10516	0.87653
-0.33253	0.21449	0.91838
-0.36077	0.38926	0.84754
-0.59779	0.6577	0.45834
-0.45067	0.71417	0.53559
0.4585	0.8767	0.1455
-0.58351	-0.14802	0.7985
-0.92838	0.1756	0.32752
-0.63524	0.71296	0.29692
-0.011577	0.99631	0.085087
-0.43994	-0.22576	0.86919
-0.36159	0.93234	0.0017971
-0.43761	-0.45564	0.73606
-0.46937	-0.62186	0.57783
0.7239	0.54561	0.34523
0.31335	-0.66469	0.63317
0.09684	0.78852	0.55656
0.85366	0.40246	0.22402
-0.64959	-0.59112	0.41172
-0.74811	-0.61712	0.019912
0.082283	0.53175	0.80708
0.32016	-0.46649	0.78789
-0.26584	0.31363	0.87856
-0.10515	0.94908	0.17054
-0.70427	0.46019	0.48283
0.15512	0.30821	0.90656
0.35526	-0.90239	0.01962
-0.258	-0.58058	0.73298
0.12883	-0.59542	0.75484
-0.31102	0.64955	0.64981
-0.17194	0.78764	0.53941
0.66344	-0.43831	0.55555
-0.64811	0.70316	0.16252
0.45219	0.80157	0.30644
-0.27683	-0.73567	0.56838
-0.94277	-0.071695	0.21667
0.3026	0.45097	0.80372
-0.055966	-0.27607	0.9282
0.37414	-0.86255	0.23859
-0.89333	-0.30579	0.22217
-0.52146	0.57226	0.58438
0.13704	-0.38144	0.88126
-0.055956	0.38356	0.88918
-0.4034	0.74937	0.46542
0.54205	0.118	0.79571
-0.050297	0.17313	0.9531
0.52638	-0.3334	0.74342
-0.6018	0.36597	0.66694
-0.58469	-0.28944	0.71782
0.10753	0.93604	0.23057
-0.7632	0.53298	0.27269
-0.046384	0.67928	0.69089
-0.78969	0.56247	0.030279
0.54105	-0.11655	0.79661
-0.84571	0.31958	0.35148
0.50121	0.82814	0.062197
-0.18625	0.53218	0.7893
-0.58201	-0.7756	0.024811
0.097121	0.96504	0.012681
-0.43642	-0.8494	0.17019
-0.78784	-0.51921	0.22502
-0.050772	-0.96714	0.054473
-0.87141	-0.42567	0.018943
-0.26133	0.09336	0.92946
-0.069321	-0.83385	0.4907
0.84485	-0.43034	0.20477
0.83225	-0.11874	0.4839
0.50456	0.35366	0.74917
-0.50143	0.8303	0.0079891
0.13003	-0.77007	0.57531
-0.065957	-0.69111	0.67743
-0.94701	-0.20937	0.015624
-0.25536	-0.37139	0.85893
0.91948	0.00018026	0.30896
0.67742	0.24246	0.65055
-0.40694	0.45515	0.75375
0.48575	-0.53272	0.64896
0.93049	-0.27176	0.035198
-0.24348	-0.1323	0.92958
0.69959	-0.22738	0.63228
-0.47217	-0.75326	0.38802
-0.78111	0.0034862	0.57512
-0.78809	-0.38708	0.41229
0.77106	0.35689	0.46798
-0.87827	0.38936	0.13395
-0.25802	0.87314	0.3346
-0.93678	0.16945	0.1861
0.36422	-0.77995	0.44713
0.80741	-0.33507	0.42038
-0.42542	-0.2171	0.84427
-0.63193	-0.7009	0.22427
0.34948	-0.25031	0.86954
0.96511	-0.0449	0.086256
-0.62773	-0.074182	0.73577
0.54394	-0.6497	0.47215
0.56305	-0.74173	0.27151
0.55005	-0.79722	0.052761
0.23611	0.85649	0.38932
-0.031367	-0.92501	0.29029
-0.23105	-0.92439	0.18173
0.63316	0.70469	0.20835
-0.46311	0.23215	0.82008
-0.45571	0.0092222	0.85624
0.81169	0.10714	0.52017
0.16611	-0.94251	0.15808
0.55822	0.65427	0.44859
-0.76632	0.23691	0.54545
-0.31245	0.91235	0.10433
0.94307	0.18379	0.13322
0.2191	0.65118	0.68473
0.91056	-0.2148	0.25621
0.31307	0.90496	0.15468
-0.46887	0.81188	0.24883
0.16034	-0.15493	0.94403
0.78014	0.56834	0.096276
-0.27235	-0.85029	0.37912
-0.062749	-0.49754	0.83031
-0.63996	0.14415	0.71455
-0.038917	-0.046779	0.96809
-0.74642	-0.22748	0.5762
0.1699	-0.8759	0.38058
0.35704	0.73458	0.52327
-0.86723	-0.15391	0.40636
0.16682	0.080828	0.95212
-0.6002	0.65704	0.38595
0.35752	0.21865	0.8748
-0.96967	0.02076	0.014337
0.88154	0.21606	0.3422
-0.88334	0.086797	0.39126
0.71414	-0.55019	0.35804
0.62163	0.47181	0.57608
-0.63366	-0.45293	0.57813
0.69829	-0.0037609	0.67326
0.72269	-0.62975	0.14844
-0.030483	0.8841	0.39792
0.43719	0.56592	0.65536
0.36302	-0.017147	0.89935
-0.38774	-0.41013	0.8616
-0.40923	-0.61098	0.7212
0.71872	0.69522	0.247
0.42378	-0.56915	0.74658
0.038288	0.91835	0.46483
0.86666	0.54021	0.13409
-0.60867	-0.62179	0.55119
-0.7238	-0.71766	0.14825
0.059013	0.6858	0.76622
0.41542	-0.33785	0.87988
-0.28293	0.43344	0.89049
-0.20569	1.0082	0.045914
-0.20123	-1.0033	0.11749
-0.77543	0.48352	0.47521
0.16315	0.47411	0.89972
0.47156	-0.90577	0.13459
-0.18493	-0.52334	0.86765
0.22589	-0.49687	0.8735
-0.37435	0.74609	0.60341
-0.24605	0.88795	0.46034
0.7667	-0.30886	0.61456
-0.75322	0.69532	0.10044
0.40329	0.93004	0.18244
-0.19418	-0.71222	0.71828
-0.98025	-0.13687	0.28508
0.30011	0.62282	0.7635
0.0030074	-0.15518	1.0182
0.49501	-0.82933	0.35788
-0.90302	-0.37606	0.32256
-0.59068	0.63433	0.55644
0.21633	-0.25316	0.97469
-0.068337	0.52922	0.881
-0.48901	0.81363	0.39972
0.588	0.29716	0.79174
-0.037779	0.31918	0.97857
0.61748	-0.18461	0.80345
-0.65071	0.42281	0.67727
-0.56132	-0.25367	0.82552
0.022405	1.0249	0.10029
-0.8528	0.52225	0.24675
-0.096612	0.80986	0.62904
0.2385	-1.0004	0.056746
0.61185	0.051759	0.82696
-0.91451	0.30251	0.36478
-0.22522	0.6567	0.76087
-0.53142	-0.86613	0.16825
-0.36471	-0.90697	0.32449
-0.76888	-0.5884	0.35143
0.050909	-1.0089	0.20089
-0.87434	-0.52981	0.12544
-0.25299	0.21104	0.97589
0.032606	-0.80585	0.64066
0.94501	-0.33502	0.23583
0.90852	0.031689	0.48424
0.52176	0.53302	0.71032
0.23933	-0.70645	0.71031
0.027619	-0.62812	0.81584
-0.97723	-0.31154	0.094162
-0.19988	-0.28527	0.96931
0.98183	0.1386	0.27874
0.7126	0.41916	0.61433
0.93797	-0.42531	0.015175
-0.45134	0.54867	0.74575
0.59239	-0.41143	0.73533
1.0126	-0.18595	0.030262
-0.2102	-0.023296	1.0081
0.78521	-0.073004	0.66258
-0.40496	-0.77725	0.5411
-0.80485	0.011778	0.64264
-0.77654	-0.42205	0.52891
0.79289	0.52087	0.40115
-0.96398	0.33962	0.12769
-0.35325	0.93806	0.23698
-1.0006	0.11148	0.21748
0.48315	-0.71258	0.56541
0.90299	-0.2067	0.45031
-0.39634	-0.14304	0.93987
-0.58501	-0.76303	0.36939
0.42633	-0.096442	0.93265
1.0269	0.062569	0.049074
-0.62897	-0.030031	0.81511
0.65999	-0.55455	0.56373
0.68284	-0.67905	0.36542
-0.39697	-0.95039	0.0088388
0.66726	-0.77125	0.14435
0.17222	0.97832	0.27227
0.075269	-0.92752	0.44152
-0.13949	-0.96315	0.33732
0.6012	0.83205	0.084508
-0.48465	0.31965	0.85078
-0.45192	0.092544	0.92093
0.86413	0.27144	0.4904
0.28097	-0.9459	0.29533
0.5359	0.80784	0.34799
-0.81505	0.25307	0.57668
0.98105	0.30672	0.066146
0.18649	0.80611	0.61344
0.99335	-0.09517	0.25514
0.24006	1.0015	0.014855
-0.57243	0.83998	0.16632
0.21913	-0.0043887	1.0064
-0.18398	-0.86012	0.53595
0.015877	-0.40229	0.94806
-0.66579	0.19403	0.76156
-0.0019034	0.092453	1.0258
-0.74368	-0.22628	0.67575
0.28578	-0.84243	0.51918
0.3176	0.88295	0.42476
-0.88506	-0.18687	0.4926
0.20125	0.24418	0.98019
-0.68984	0.68538	0.33952
0.38526	0.39589	0.86934
-1.0256	-0.073188	0.060358
0.92004	0.36569	0.28406
-0.92813	0.061128	0.44242
0.82512	-0.4505	0.42085
0.62673	0.6424	0.5054
-0.60062	-0.45061	0.70506
0.76156	0.16701	0.67307
0.83518	-0.56436	0.21183
-0.11191	0.98181	0.29057
0.42479	0.73431	0.58416
0.41694	0.15338	0.92926
