0.465932
0.546356
0.515196
0.532469
 0.49117
0.453728
0.552855
0.531755
0.501831
0.589282
0.526885
0.509407
0.498441
0.547723
   0.466
0.513645
0.428656
0.469442
0.376873
0.563799
0.477633
0.685479
  0.5065
0.377316
0.694543
0.559502
0.636882
0.676612
0.540035
0.459987
0.492491
0.440704
 0.67113
0.614746
0.464441
 0.44379
0.547453
0.563259
0.464335
0.463528
0.554504
0.389569
0.427232
0.545781
0.474273
0.472853
0.480566
0.512582
0.531117
0.465502
0.487423
 0.43078
0.537938
0.480687
0.408185
0.461474
0.465698
0.469096
0.542139
0.417263
  0.4372
0.511092
 0.51635
0.601649
0.450929
 0.34194
0.419977
0.419866
0.454625
0.467773
0.643002
0.579331
0.598912
0.432887
0.562907
0.518054
0.568171
0.569275
0.509824
0.594209
0.532891
0.558794
0.520611
0.494102
0.481883
 0.63058
0.378621
 0.48283
0.721302
0.498034
0.568673
0.456933
0.517782
0.519462
0.601208
0.523432
0.464004
0.409506
0.519692
0.503073
0.377346
0.539905
0.513085
0.601487
0.637883
0.565285
0.426103
0.582627
0.497668
0.623079
0.519942
0.581284
0.518326
 0.52443
0.468336
  0.5538
0.465031
0.526528
0.623339
0.465108
0.649357
0.527125
0.557288
0.453865
0.574245
0.512299
0.423484
0.562935
0.639635
 0.41472
0.476819
0.478113
 0.56941
0.509707
0.466692
0.422511
0.416696
0.588803
0.503111
0.480534
0.671932
0.317036
0.550237
0.374602
  0.4718
0.568178
0.427227
0.544335
0.648082
0.521039
0.469408
0.535176
0.552402
0.472046
0.333683
0.573272
0.472187
0.453508
0.523809
0.525901
0.502875
0.663613
0.439297
0.521041
0.534401
0.518923
0.570471
0.581314
0.463671
0.464816
0.555038
0.452049
0.599249
0.588997
0.451343
0.470626
0.517195
0.521743
0.664034
0.469226
0.517996
0.602464
0.593806
0.656866
0.466473
0.524168
0.549823
0.418749
0.556693
0.622406
0.526335
0.534267
0.458677
0.620233
0.382936
0.583252
0.583228
0.548427
0.471005
0.609868
0.474296
0.495224
0.476094
0.458528
 0.42867
0.502248
0.548991
0.389854
0.594422
 0.49734
0.545162
0.456969
0.601212
0.369062
0.467606
0.505963
0.474882
0.529415
0.477648
0.556005
0.499553
0.456559
0.530689
0.508294
0.685615
0.623675
0.562018
0.460566
 0.55991
0.611031
0.498815
 0.47679
0.464818
0.388295
0.421251
0.531091
0.576938
0.474569
0.420545
0.568913
0.431267
0.507752
0.472292
0.449602
0.445095
0.422556
 0.50164
0.553137
0.521858
0.430499
0.408496
0.473218
0.540608
0.561404
0.538208
0.434418
0.553742
0.560252
0.488188
0.462827
0.568006
0.526865
0.457886
0.437042
0.506011
0.518676
0.493031
0.564219
 0.53382
0.467599
0.563902
0.563625
0.487289
0.325965
0.570852
0.421216
0.490522
0.469902
0.421421
0.609175
0.533422
0.510799
0.463131
0.592336
0.452527
0.527876
  0.6195
0.468214
 0.53198
 0.57135
 0.66304
0.504289
0.514421
0.565173
 0.53428
0.580384
0.561223
0.472862
0.446928
0.550383
 0.52979
0.529149
0.429147
0.556739
 0.47128
 0.44137
0.687399
0.458888
0.483957
0.546129
0.516739
0.471531
0.487302
0.447432
0.529173
0.503575
0.581121
0.426524
 0.52095
0.406842
0.547053
0.555319
0.511789
0.676853
0.464371
0.420695
0.587615
0.411752
0.636667
0.562187
0.538933
0.501985
0.702484
0.484861
0.477779
0.496871
0.353353
0.623637
0.589367
0.404537
0.593618
 0.46593
0.508104
0.432901
0.466571
0.490757
0.541484
  0.6107
0.638051
0.520887
0.492759
0.396025
 0.52531
0.607861
0.473272
0.458229
0.511995
 0.71222
0.448195
0.512197
 0.50195
0.520561
0.556597
0.404304
0.507534
0.587055
0.522872
0.602771
 0.48158
0.447228
0.381067
0.499924
0.558128
0.412456
0.560283
0.376886
0.464557
0.598813
0.437307
0.587506
0.500235
0.602908
0.524525
0.534615
0.558519
0.374584
0.451795
0.471741
0.589115
0.623021
0.480263
 0.46307
0.455898
0.559153
0.455347
0.579884
0.581261
0.539279
0.629557
0.517083
0.550412
0.494569
0.515033
0.499334
0.508257
0.420324
0.494766
0.460833
0.465069
0.638035
0.500648
0.596836
0.562125
 0.53365
 0.59812
 0.46116
0.500958
  0.6946
0.458104
0.557707
0.504174
0.545203
0.649584
0.564253
0.555802
0.440754
 0.61548
0.509715
0.459379
0.548006
0.556436
0.515588
0.461512
0.502095
0.587816
0.591938
0.488572
0.551037
0.609099
0.398224
0.565094
0.498509
0.485797
   0.412
0.663644
0.429117
0.544992
0.515981
0.497995
 0.50906
0.405529
0.636688
0.613054
0.601138
0.511142
0.580955
0.516347
 0.53389
0.563641
0.417743
0.615177
0.521975
0.507699
0.488349
0.461487
0.578316
0.509541
0.533699
0.525189
0.539528
0.683765
0.459594
0.544937
0.560679
0.511894
0.490489
0.585651
0.448634
0.502717
0.427952
0.491898
0.481846
0.546389
0.479561
0.551202
0.462505
0.412882
0.516204
0.362636
0.608305
 0.47905
0.472515
0.475072
0.694454
0.531331
0.428221
0.601352
 0.44017
0.644573
0.671128
0.363088
0.286534
0.510013
 0.50997
0.327085
 0.60372
0.460549
 0.53079
0.553785
0.527343
 0.37225
0.830177
0.423436
0.434203
0.524617
0.539529
0.562185
0.648079
0.559499
0.520983
0.522804
0.424943
0.510478
0.501217
0.483836
0.558746
0.544955
0.475684
0.412861
0.464264
0.416184
0.522948
0.599775
0.431191
0.559088
0.620065
0.473357
0.586078
0.489762
0.439856
0.649512
 0.61056
0.536622
0.534086
0.577339
0.558626
 0.43465
0.474409
0.474972
0.446957
0.432478
0.579549
 0.41907
0.404583
0.476793
0.382381
0.672718
 0.35982
0.646857
0.470666
0.378395
0.658888
0.506336
0.554864
0.474521
0.576504
0.441027
0.415931
0.546317
0.468062
0.599728
0.602977
0.418546
0.531291
0.556042
0.463022
0.558154
0.519396
0.606369
0.590416
0.492491
0.558176
0.454963
0.423714
0.507791
0.468359
0.526327
0.523133
0.519966
0.464942
0.459405
0.446129
0.587642
0.830409
0.499642
0.589639
0.554245
0.517964
0.529332
0.411762
0.611467
0.643067
0.459347
0.371897
 0.37247
0.439434
 0.54794
0.545332
 0.47297
 0.55524
0.449551
 0.67292
 0.45926
0.567418
0.646968
0.453873
0.455064
0.491889
0.600125
0.365176
0.426364
0.364043
0.492655
0.578615
0.418094
0.470001
0.586396
0.474258
0.615686
  0.5646
0.506009
0.465808
0.468318
0.452736
 0.51518
0.526153
0.426092
0.565791
0.496004
0.551097
0.417205
0.568906
0.512828
0.591676
0.499211
0.533498
0.469965
0.464856
 0.51836
0.490588
0.434248
0.472591
 0.46395
0.511803
0.411656
 0.53856
0.469319
0.447663
0.609989
0.570841
0.506697
0.457998
 0.45407
0.526442
0.450271
0.451044
0.672715
0.537084
0.555134
 0.40762
0.465026
0.566256
0.600551
0.400815
0.427896
0.581203
0.557443
0.541843
0.523068
0.560142
0.510651
0.471265
0.467488
0.452248
0.515088
 0.62013
0.559994
0.481479
0.434594
0.513165
0.570469
0.512002
 0.39972
0.518527
0.629484
0.540175
0.344371
0.586024
0.603285
0.570101
0.453215
0.415211
0.595386
 0.60361
0.830863
0.411106
0.541555
0.499512
0.594227
0.588141
0.515564
0.472689
0.580528
0.515918
0.526577
0.354072
0.386314
0.407438
0.388258
0.369974
0.624426
0.551808
0.563045
0.464257
0.479644
0.623676
0.502483
  0.6296
0.498275
0.600953
0.554906
0.598984
0.609717
0.459366
0.642715
0.452709
0.448124
0.543788
0.471221
0.476694
0.412413
0.524026
0.544965
0.549573
0.547016
0.635207
0.529239
0.527812
0.595724
0.571665
0.692967
0.456387
0.472336
0.612467
0.329345
0.500746
0.561992
0.518627
0.430996
0.375552
0.548172
0.607475
0.581037
0.419334
0.527242
0.519724
0.360043
0.541321
0.522863
0.530872
0.488596
0.492558
0.413875
0.536586
 0.46479
0.470816
0.486725
0.515127
0.466042
 0.47459
0.694018
0.504084
0.530251
0.494914
0.471233
 0.45327
0.386872
0.496713
0.536716
0.549351
 0.55505
0.506064
0.425982
0.623677
0.406713
 0.60462
0.413561
0.495106
0.627853
0.561195
0.603135
0.554024
0.511765
0.534205
0.550396
0.616141
0.336683
 0.69476
0.397356
0.482401
0.567663
0.561467
0.566341
0.556301
0.512822
0.506561
 0.49244
0.576692
0.537876
0.551294
0.319425
0.542136
0.455226
0.609154
0.580433
0.646829
0.413632
0.460733
0.541874
0.432348
0.546283
 0.44868
0.459625
0.548416
0.556007
0.536382
0.519401
0.595934
0.672866
0.508517
0.470177
0.401961
0.485988
0.493222
0.453843
0.549572
0.453929
0.484352
0.588146
0.568301
0.457801
0.497829
0.470362
 0.51796
0.421071
0.409072
0.429456
0.530674
0.505996
0.642674
0.435897
0.448954
0.514394
0.681171
0.554498
0.549031
0.649522
0.607827
0.545938
0.457784
0.576091
0.486881
0.509069
0.472626
0.573202
0.577597
0.601665
 0.51378
0.504697
0.542382
0.481841
0.546954
0.556713
 0.46192
0.567852
0.411128
 0.62274
 0.46044
0.509699
0.558288
0.488974
0.425467
0.531473
  0.5217
0.390588
0.529737
0.383116
0.591149
0.464042
 0.45018
0.559951
0.556414
0.478837
0.343513
0.468028
 0.31637
0.481694
0.520227
0.436218
0.546221
0.543631
0.473481
0.559468
0.525485
  0.4223
0.464478
0.497613
0.563665
0.597831
0.412814
0.589278
0.591362
0.497922
0.430167
0.504527
0.603256
  0.3366
0.381271
0.547548
0.465051
0.569146
 0.61122
0.505754
0.522052
0.440115
0.453738
0.553321
0.605701
0.587492
0.470793
0.503421
0.460401
0.575024
0.488555
 0.58008
0.480933
0.429343
0.462311
0.548695
0.582592
0.514268
0.560363
0.426508
0.409189
0.418025
0.576281
0.550114
0.588723
0.565522
 0.52359
0.562488
0.637794
0.488756
0.477108
0.484478
0.567373
0.518019
0.501763
0.435879
0.562493
0.436679
0.581214
0.460099
0.459462
0.472437
0.715029
 0.62314
 0.46117
0.481855
0.525936
0.638149
 0.40933
0.361046
 0.60824
0.499799
0.494836
0.669777
0.548399
 0.53435
0.434435
0.468869
0.528649
0.465959
0.435106
0.599109
0.404194
0.575745
0.475309
0.454115
0.563989
0.608179
0.497159
0.524892
0.554136
0.546688
0.502008
0.537491
0.499681
0.477471
0.550189
0.558904
0.522025
0.460578
0.529886
0.608701
0.489631
0.608026
0.582983
0.492923
0.543276
0.512648
0.515406
0.527009
0.416088
0.420089
0.534537
0.527444
0.525595
 0.58913
0.602119
0.478391
0.548489
0.434192
0.460122
0.557293
0.524079
0.592914
0.450584
0.391205
0.414924
0.492286
0.526559
0.559842
0.492859
0.506479
0.584893
0.659362
 0.57557
0.472419
0.593258
0.522276
0.471279
0.466795
0.676995
0.440466
0.497961
0.555508
0.456936
0.420007
0.486753
0.366438
0.458302
0.509734
0.617918
0.581328
0.464941
0.370946
0.500167
0.530991
 0.37241
0.464645
0.464475
0.676866
 0.47064
0.607743
0.434799
0.514285
0.448867
0.343209
0.465182
0.480596
 0.48189
0.421489
  0.5813
0.488591
0.462758
0.519112
0.493799
0.507903
0.428352
0.410787
 0.41736
0.554348
0.556218
0.449801
0.472532
 0.55107
0.514938
0.597589
0.507074
0.219328
0.477225
0.592497
0.462596
0.541146
 0.47422
 0.52141
0.504969
0.338439
0.608152
0.558394
 0.53053
0.512586
  0.5249
0.421614
0.452026
0.469629
0.430837
0.494274
0.576483
0.457744
0.414918
0.599221
0.492061
0.516618
0.501822
0.583763
0.471456
0.519878
0.544028
0.549107
0.507317
0.412748
0.432131
0.458069
0.518704
0.518902
0.585443
 0.50627
0.531772
0.440203
0.400961
0.578806
0.673039
0.504352
0.547035
0.498962
0.601721
0.446378
0.610426
0.493478
0.449052
 0.55958
0.548825
  0.5166
0.557054
0.530154
0.670798
0.463677
0.458835
0.608802
0.427812
0.453608
0.453152
0.565448
0.286249
 0.42213
0.632526
 0.56867
0.406971
0.404418
0.487888
0.451876
0.500082
0.546302
0.462702
0.519835
0.463013
 0.49349
0.517614
0.532471
0.460324
0.431884
0.546877
0.465037
0.553181
0.567075
0.571091
0.509989
0.424236
0.463917
0.475371
0.545129
0.608202
0.583658
0.472228
0.607783
0.478681
0.503755
0.526674
0.503698
0.551349
0.511629
0.511636
0.543629
0.573124
0.427295
0.376007
0.613849
0.512147
 0.50437
 0.61377
0.537753
0.601819
0.423915
0.381416
0.468604
0.512404
0.511939
0.411655
0.503624
0.473963
0.477267
0.431297
0.535125
0.431994
0.504126
0.502535
0.595635
0.561129
0.470609
0.511912
0.559889
0.584244
0.551447
0.543822
0.379016
0.397269
 0.63796
0.565039
0.599938
0.424111
0.532508
0.554979
0.505147
0.598951
0.543491
0.524793
0.561569
0.545271
 0.48337
0.458198
0.567923
0.530362
0.430216
0.515206
0.574542
 0.46682
0.594416
0.515563
0.567744
0.462444
0.494599
0.456923
0.505143
0.538213
0.621376
0.483627
0.407238
0.655941
0.426769
0.384772
0.470878
0.510828
 0.72757
0.500184
0.565841
0.468039
0.664177
0.415595
0.558789
0.421669
0.533947
0.618092
0.568068
0.509157
 0.49273
0.561889
0.431489
0.480611
0.617223
 0.55269
0.497583
0.554165
0.588791
 0.51485
0.434361
0.601004
0.405757
0.508121
0.557554
0.504405
0.565908
0.568508
0.521324
0.570743
0.413303
0.475453
0.629336
0.462557
0.506764
0.406349
 0.66642
0.521994
0.503584
0.547295
0.570329
0.578747
0.462797
0.453869
0.525144
0.647591
0.521024
0.513728
 0.54355
0.488359
0.421603
 0.49107
0.491089
0.560393
0.506863
0.607546
0.459554
0.583099
0.600773
0.596721
0.511094
0.621319
0.463338
0.579026
 0.47095
0.456975
0.476741
0.507427
0.378171
0.562205
0.608834
0.475085
0.414229
0.453113
0.506358
0.535306
 0.68797
0.391875
0.468458
0.547366
0.476254
0.550233
0.462311
0.504072
0.518962
0.381001
0.400025
0.500638
0.465356
0.374889
0.499351
0.519566
0.466408
0.379119
0.468406
0.570053
0.448086
0.614574
0.620378
0.552653
0.522132
0.536712
0.456295
0.453069
0.476796
0.365345
0.561946
0.441429
0.557002
0.516737
0.561406
0.555488
0.567655
0.423808
0.456481
0.608932
0.507015
0.554311
0.549173
0.525345
0.391053
0.538452
0.593337
0.605378
0.583479
   0.406
0.595916
0.541418
0.514263
0.456413
0.411891
0.506007
0.633474
0.535868
0.440619
0.475257
0.514179
  0.5125
0.459838
0.621912
0.566669
0.476742
0.517668
0.477879
0.474563
0.430633
0.475372
0.493672
0.577832
0.474209
0.500393
0.547715
0.523964
 0.50145
 0.45718
0.432525
0.607997
0.472608
 0.47089
0.454791
0.534565
0.466315
0.785453
0.463856
0.472022
0.602149
0.511841
0.583579
0.596758
0.486099
0.472073
0.511116
0.601417
0.518244
0.412003
0.554681
0.518382
0.434312
0.541251
0.412466
0.423313
0.534275
0.505136
0.461604
0.439278
0.625034
0.553215
0.520129
0.499465
0.436994
0.509551
0.566011
0.559723
0.447047
  0.5538
0.561906
0.603314
0.463847
 0.43335
 0.51023
 0.43266
0.488988
0.527467
0.520287
0.478197
0.403688
 0.61152
 0.46375
0.506696
0.556175
0.553031
0.506486
0.470138
0.511439
0.503968
0.702417
0.483128
0.446137
0.567024
0.501546
0.507088
0.382445
0.369275
0.587943
0.498042
0.635838
0.633458
0.414425
0.544224
0.541919
0.559864
0.473872
0.432173
 0.49307
0.452507
0.451543
0.467292
0.554432
0.462963
0.455038
0.459979
 0.53718
 0.40596
0.622833
0.521076
0.461328
0.644328
0.415377
0.504044
0.461978
0.551735
0.452192
0.617651
0.426231
0.512452
0.365765
0.413967
0.462487
0.510363
0.476773
0.639128
0.485183
0.522832
0.332981
0.588992
0.450308
0.528688
0.546108
0.337716
0.612334
 0.41661
0.530475
0.559759
0.541232
0.448445
0.506283
0.465028
0.522879
0.505549
0.432849
0.466279
0.508617
 0.46297
0.516522
0.568782
0.493395
0.676888
0.664038
0.485228
0.574234
0.496278
0.559513
0.469672
0.516969
0.418184
0.548726
0.517406
0.451016
0.428185
0.429628
0.563307
   0.688
0.465706
0.506409
 0.49218
 0.46656
0.557223
0.453904
0.515742
0.619292
0.573771
0.440209
0.509876
0.411321
 0.58979
0.561784
0.472809
0.560325
0.512378
0.540954
0.613773
0.465764
0.439203
0.477895
0.485288
0.490159
0.554752
0.505957
0.562356
  0.4642
0.551866
0.396533
0.407601
0.465184
0.408318
  0.4133
0.509584
0.527096
0.424802
0.655944
0.489149
 0.41092
 0.49322
0.458595
0.518244
0.465156
0.538251
0.562482
0.555221
 0.50998
0.468676
0.493699
 0.50915
0.493218
0.379685
0.554885
0.517024
0.325639
0.509247
0.579673
0.522358
0.614898
0.665616
0.527666
0.376593
0.428084
0.526736
0.464444
0.418769
 0.53846
0.478091
0.372514
0.443492
0.482271
0.443758
0.474038
0.407283
0.462792
0.452569
 0.46918
0.485451
0.543223
0.566773
0.637766
0.503372
0.499115
0.555368
0.473312
0.627789
0.468907
0.500952
0.595392
0.624376
0.498211
0.457229
0.458175
 0.27002
0.481496
0.618859
0.586281
0.610332
0.454339
0.462149
0.571321
0.505304
0.660518
0.511154
0.572011
0.398931
0.621308
0.449378
0.405491
0.553459
0.497085
0.503687
0.519224
 0.78612
0.528525
0.558878
  0.5801
0.498664
0.459197
0.485565
0.566049
0.419009
0.423428
0.491767
0.470044
0.511198
0.462882
0.562913
 0.53764
0.541617
0.369603
0.518548
0.484688
0.579854
0.608742
 0.46633
0.386762
0.479411
 0.52391
0.518205
0.567655
0.537538
0.379882
0.504143
0.461556
0.509895
0.498677
0.423561
0.430637
0.500586
0.558756
0.627993
0.409628
0.546018
0.423903
0.440944
0.472201
0.394337
0.412231
0.483931
0.581925
0.574602
0.441135
0.552013
0.516241
0.543702
0.580717
0.554694
0.538143
0.556462
0.467774
 0.46644
 0.46573
0.388343
0.463083
0.652742
0.558796
0.598755
0.376093
 0.49957
 0.38029
0.508185
0.416404
0.484624
0.493292
0.558278
 0.50983
0.408023
0.456223
0.506783
0.473004
0.440163
0.324777
0.415309
0.499621
0.557989
0.442884
0.476335
0.460322
0.542869
0.396786
0.498487
0.615998
0.569743
0.470472
0.560661
0.527162
0.468144
0.563348
0.395197
0.598204
  0.5516
0.468437
0.494575
0.463002
0.471634
0.414844
0.512294
0.456151
0.562102
0.515886
0.584898
0.501637
0.593095
0.416415
0.653792
0.518606
0.583016
0.634958
0.525733
0.466554
0.425087
0.502428
0.561083
0.501214
0.547476
0.562551
0.621217
0.455054
0.562492
0.506384
0.510215
0.331018
0.402754
0.582934
0.461856
0.471393
0.499442
0.500006
0.440677
0.576661
0.554509
0.512516
0.406857
0.483418
0.583971
0.470058
0.427968
0.449405
 0.56489
0.440268
0.520615
0.384466
0.469209
0.498109
0.441198
0.567004
0.482467
0.535472
0.506437
0.460317
0.412383
0.439374
0.576508
0.563876
0.420338
 0.47397
0.485742
0.407133
0.473118
  0.4477
0.605736
0.494392
0.505213
0.459759
 0.45388
 0.51662
0.638589
0.454234
0.404834
0.567877
0.562094
0.449143
0.478128
0.420291
 0.61215
0.598776
0.441777
0.508126
0.511373
0.534566
0.383728
0.461832
 0.47132
0.477886
0.553959
0.475025
0.336101
0.480838
0.580776
0.498581
0.524702
0.440539
0.423139
0.501257
0.506534
0.523682
0.596502
0.421798
 0.34177
0.608255
0.382908
0.500122
0.554344
0.452779
0.502528
0.524384
0.556196
0.512837
 0.48086
0.561838
0.435968
0.508141
0.562004
0.503926
0.466276
0.505177
0.499575
0.545585
0.588444
0.590872
0.421296
0.580133
0.508637
0.460128
0.473972
0.528093
0.503167
0.516325
0.550525
0.540133
0.525735
0.412193
 0.55727
 0.55406
0.599821
 0.42633
 0.41816
0.593483
0.549925
0.584109
  0.4195
0.551926
0.481113
0.442613
0.542308
0.464164
0.596025
0.571713
0.527198
0.513735
0.540331
0.423808
0.412352
0.431517
0.489536
0.466669
0.517707
0.513321
0.525331
0.454741
 0.56099
0.549041
0.494196
0.593524
0.476349
 0.68049
0.524453
0.521637
0.569167
0.504938
0.423355
0.557329
0.485849
0.573718
0.455439
0.457208
0.444066
0.469503
0.542691
0.523558
0.549903
 0.48169
0.517172
0.508619
0.471348
0.387412
0.626987
0.509111
  0.4584
 0.37067
0.377526
0.417999
0.612924
0.408756
0.468329
0.459393
0.493736
0.469803
0.421276
0.567684
0.457014
0.514503
0.379409
0.508017
0.518879
0.593915
0.416849
0.584186
0.477957
 0.44686
0.498756
0.567849
0.428224
0.623509
0.408881
0.474741
 0.57159
0.425088
0.417759
0.399995
0.462716
0.490531
0.505003
0.497437
0.366733
0.524564
0.575968
0.382094
0.452769
0.525466
 0.50918
 0.47912
0.454325
0.351004
0.422398
 0.52874
0.523319
0.511132
0.507187
0.545871
0.504931
0.473266
0.491421
0.602926
0.500246
0.519189
0.458894
0.451937
0.461549
0.457033
0.508889
0.509514
0.402073
0.512854
0.657351
0.559901
0.477378
0.701345
0.644959
0.458164
0.526218
0.370042
0.552571
0.598035
0.520251
0.608155
0.375581
0.457335
0.475861
0.456092
0.563647
0.417659
0.541386
 0.52023
0.416603
0.522935
0.653681
0.553649
0.432545
0.281657
 0.58104
0.378324
0.415999
0.627128
0.417658
0.505911
0.604087
0.528013
 0.51392
0.617602
0.611169
 0.57016
0.616358
0.498622
0.503253
0.657005
0.571267
0.538243
 0.53653
0.575297
0.601742
0.663584
0.382998
0.421839
0.429077
0.380308
0.551479
 0.54745
 0.56618
0.520717
0.518991
0.564926
0.574043
0.624575
0.402613
0.453218
0.440278
0.588452
0.481637
0.620917
0.631947
0.678632
0.549419
0.480319
0.508162
0.505364
0.469983
0.466069
0.653625
0.611358
0.643684
0.415263
0.620548
0.578871
0.372655
0.410102
0.579967
0.450304
0.415925
0.599298
0.424043
0.509913
0.465083
0.554036
 0.63354
0.487097
0.510828
0.418148
0.425307
0.511816
0.656954
0.489651
0.247919
0.622492
0.608903
0.538362
0.517048
0.416933
0.559884
0.522939
0.466011
0.551705
 0.33694
0.474455
0.446058
0.555443
 0.42559
0.595095
0.621664
0.503587
0.429263
 0.64461
0.585454
0.551833
 0.45256
0.583434
0.482884
0.433621
0.552998
0.432424
0.572033
0.541308
0.435574
0.533452
0.460361
0.418837
0.449901
0.503818
0.483053
0.465969
0.635268
0.382633
0.408777
0.585936
0.461512
0.590647
0.492714
0.554454
0.578372
0.512853
0.462167
0.452143
0.457578
0.553887
0.529577
0.421275
0.532154
0.556315
 0.50051
0.452962
0.508025
0.507496
0.567382
0.527584
0.441366
0.474197
0.439255
  0.3989
0.629322
0.475956
0.455359
0.463253
0.517302
 0.60136
 0.41479
0.429449
0.418372
0.600385
0.544035
0.456968
0.441354
0.449062
0.631001
0.496298
0.448969
0.468483
0.572448
0.615141
0.450188
0.416664
0.427932
0.507094
0.584217
0.453706
0.499332
0.472549
0.512345
0.422089
0.601967
0.457985
0.506194
0.441766
0.457325
0.424178
0.426567
0.558093
0.423917
0.432144
0.463254
0.491419
0.596345
0.481199
0.574928
0.552679
0.598791
0.505627
0.547355
0.407823
0.400576
0.542875
0.475679
0.557035
0.358782
0.602109
0.602551
0.545022
0.519217
0.590237
0.494128
0.510297
0.478969
0.679524
0.512184
0.473498
0.432069
0.624362
0.524432
0.472057
0.532589
0.490447
0.515734
0.498909
0.499968
0.479848
0.610406
0.530218
0.449813
0.652503
0.447237
0.426519
0.475319
0.374394
0.422076
0.634857
0.527732
 0.45707
0.552043
0.418145
0.421422
0.647449
0.484044
0.519449
 0.49986
0.518834
0.487411
0.477517
0.495781
0.573616
0.538733
0.482023
0.439097
0.559718
0.461626
0.410408
0.530583
0.414759
0.401118
0.601645
 0.55739
0.535111
0.494631
0.403061
0.410104
0.504865
0.450119
0.445625
0.491347
0.451279
0.599537
0.541003
0.558614
0.419354
0.492811
0.584152
0.408422
0.400434
0.433709
 0.47747
0.505847
   0.518
0.410315
0.411763
0.512403
0.522505
0.504783
0.378079
0.507708
0.473226
0.457049
0.478628
0.513887
0.654265
0.512223
0.570087
0.540906
 0.57047
0.583604
0.460218
0.506477
0.533747
0.414476
0.488273
0.412327
0.482315
0.527056
0.467003
0.456088
  0.4526
0.612882
0.610045
0.462829
0.609431
0.455906
0.468119
0.442743
 0.49824
0.500947
0.501405
0.487356
0.526584
0.429811
0.361393
0.535248
0.478068
0.543878
0.521607
0.425435
0.470456
0.531495
0.566533
0.420992
0.460123
0.429353
 0.61583
0.534643
0.615556
0.455284
0.576981
0.411471
0.661653
0.556971
0.583925
0.545596
0.522958
0.399607
0.527809
0.534003
 0.55782
 0.51961
0.548094
0.549384
  0.4238
0.554524
0.414377
0.513937
0.477235
0.527234
0.467834
0.389683
0.563735
0.422016
0.488972
0.521006
0.407113
0.629464
0.546265
0.527848
0.493755
0.513888
0.508718
0.562877
0.556997
0.369606
0.504294
0.514738
0.598158
0.496317
0.457707
0.673937
0.557081
 0.45167
0.554292
0.593427
0.423628
0.513178
0.666142
0.464573
 0.56245
0.459002
0.433562
0.461922
0.467525
0.571051
 0.54562
0.534689
0.588436
0.439821
0.566038
0.526039
0.469341
0.621181
0.456873
0.426449
0.497847
0.528303
0.415713
0.538316
0.635012
 0.42172
0.458375
0.500015
0.545078
0.469321
0.370659
0.546214
0.540659
0.561487
 0.46486
0.511539
0.512855
 0.54622
0.562501
0.525866
0.446368
0.582294
0.573523
0.459547
0.517454
0.415799
0.567304
0.602153
0.503362
0.423172
 0.51963
0.510721
0.529995
0.565699
  0.5622
0.397419
 0.45567
0.631808
0.383628
0.517655
0.621788
 0.49338
0.477435
0.483133
0.528876
0.432179
0.595054
0.540294
0.433626
0.506324
0.527993
0.570731
0.436532
0.618313
0.564293
 0.50772
0.457303
0.612795
0.520889
0.545933
0.540197
0.471427
0.496712
0.413942
0.512443
0.463693
0.486551
0.440473
 0.57139
0.448834
0.416219
0.637859
0.381616
0.569767
0.507787
0.606149
0.525267
0.500511
0.592931
 0.55918
0.661657
0.498812
0.553508
0.537815
0.487232
0.501422
0.431673
0.573588
0.529289
0.402787
0.624331
0.637269
0.634806
0.312353
0.525862
0.546057
0.504813
0.504164
0.469627
0.492914
0.583305
0.567604
0.569554
0.482549
0.459156
0.461327
0.453313
0.459079
 0.48323
0.423053
0.604135
 0.50058
0.447288
0.548813
0.661261
0.457371
0.420871
0.404258
0.569318
0.618661
0.500579
0.366818
  0.6847
0.477137
0.557311
0.508721
0.634477
 0.50205
0.461383
0.576476
0.507761
0.525897
0.559506
0.601623
0.457247
0.629328
0.374765
0.577088
0.505464
 0.42467
0.457327
0.530076
0.617033
0.465868
0.498238
0.490583
0.500666
0.489708
0.422768
 0.46488
0.365442
 0.44406
0.553991
0.461387
0.451893
0.427097
0.651816
 0.52024
 0.44051
0.516494
 0.44379
0.495818
0.552086
0.537938
0.557746
 0.41764
0.503828
0.488297
 0.60983
0.602466
0.619373
 0.52322
0.490831
0.492275
 0.41054
0.390916
0.542122
 0.45226
0.565172
0.439073
0.616519
0.562859
0.464004
0.590355
0.444611
0.457181
0.443064
0.618075
0.409796
0.594583
0.574458
0.461284
0.481515
0.541271
0.670634
0.555901
0.468748
0.441257
0.498586
0.547175
0.501352
0.535944
0.569649
0.405773
0.515482
0.536753
0.426387
0.553377
0.459085
0.416536
0.676516
0.475469
0.420865
0.514745
0.469064
0.581619
0.546133
0.491735
0.517847
0.577688
 0.52867
0.557569
0.541942
0.339321
0.624362
0.436834
0.511163
0.556979
0.510207
0.546641
0.630284
0.496209
0.620004
0.436733
0.570265
0.405031
 0.50914
0.482182
0.430696
0.482137
0.554232
0.556117
0.466881
0.479793
 0.54688
 0.41621
0.592799
0.560064
0.620231
0.511388
0.508762
 0.41387
0.509163
0.500485
0.504541
0.548982
0.552466
0.433042
0.546195
0.410571
0.583821
0.430319
0.354816
0.560353
0.414245
0.532596
0.377523
0.518071
0.507738
0.457962
0.647882
0.615539
0.527266
 0.57248
0.536534
0.417472
0.461571
0.609205
0.369197
 0.63556
0.636746
0.492276
0.503211
 0.47622
0.515702
0.502308
0.469815
 0.46082
0.510014
0.475494
0.545681
0.628111
0.547544
0.527316
0.538169
0.460118
0.472765
0.673994
0.485233
0.547293
0.489132
 0.42666
 0.55765
0.513257
0.669514
0.519046
0.445453
0.611615
0.509321
0.490761
0.576842
0.380046
0.539004
0.408821
0.652689
0.449487
0.478194
0.538847
0.511511
0.417277
0.543062
0.608801
 0.53296
0.614383
0.472995
0.505014
0.421252
0.450843
0.429277
 0.54369
0.430555
0.353834
0.413427
0.503914
0.508946
0.665014
0.455761
 0.36228
0.415911
0.515676
0.449077
0.505007
0.551718
0.556814
0.328082
0.399372
 0.41991
0.418687
 0.42595
0.587121
0.483939
0.406018
0.422169
0.535661
0.524038
0.619985
0.438626
0.459346
0.466077
0.457018
0.526928
0.602509
0.456123
0.475574
0.512813
0.506705
0.507976
0.516943
 0.66169
0.469555
0.413655
0.493375
0.428595
0.582304
0.637772
0.598946
0.494429
0.463111
0.579926
0.523383
0.572854
0.455633
0.449977
0.546248
0.408286
 0.59519
0.497495
0.545528
0.377969
0.639534
0.410738
0.506938
0.494642
0.561056
0.462917
0.648423
0.419615
0.651287
0.516979
  0.5236
0.544057
0.539553
0.373438
0.509998
0.576563
0.482898
0.468353
0.558405
0.441032
0.578174
 0.43792
0.489672
 0.46559
0.512491
0.701845
0.446962
0.581993
0.409067
0.507871
0.494328
0.336979
0.489022
0.538674
0.448561
0.589652
0.460581
0.574396
0.568521
0.473908
0.421831
0.639121
  0.6015
0.510834
 0.60042
0.618749
0.449067
0.564038
0.454835
0.455515
0.420407
0.560575
0.565732
0.483973
0.421671
0.467936
0.498961
0.485093
0.454966
0.506431
0.477671
 0.47172
0.471834
0.514824
0.480723
0.491732
0.634396
 0.51865
0.517225
0.500595
0.557161
0.519642
 0.39269
0.536875
0.510028
0.540795
 0.49708
0.664624
0.551975
0.477545
0.497231
0.549679
0.442511
0.395701
0.528392
0.516889
0.488199
0.615032
0.555961
 0.42904
0.553799
0.487765
0.448798
 0.57918
0.384156
0.581614
0.465245
0.604149
0.456554
0.508965
0.447923
0.446172
0.539372
 0.47607
0.388404
0.475691
0.548787
0.520903
0.560609
0.439172
0.541138
0.491485
0.639739
 0.42533
0.593549
0.469192
0.484088
0.482737
0.352729
0.545888
0.512635
0.518119
0.688232
0.591958
0.460063
0.443454
0.512119
 0.42495
0.601227
0.418937
0.433229
0.610498
0.445697
 0.55168
0.455048
0.507326
0.546165
0.498581
0.532258
0.534846
0.498498
0.366818
0.452472
0.483723
0.583075
0.534458
0.489212
0.476627
 0.48214
0.644874
0.466023
0.497589
0.556159
0.521316
0.576833
 0.58436
0.481434
0.478178
0.519926
0.565485
0.454436
0.556066
0.621613
0.581482
0.413033
0.399621
0.413411
0.506244
0.557125
0.448484
0.546282
0.479375
 0.49253
0.555779
0.467472
0.489563
0.555133
0.387407
0.433019
0.422479
0.465908
 0.56471
0.562135
0.524101
0.614647
0.494248
0.421275
0.469529
0.458614
0.672166
0.510688
0.630043
0.491437
0.530773
0.496383
0.465046
0.457556
0.535396
0.620993
0.465455
0.523679
0.450507
 0.54412
0.533557
0.497029
0.465872
0.623943
0.614721
0.548028
0.456754
0.466215
0.511275
0.532837
0.443876
0.442681
0.642472
 0.45589
0.457123
0.508005
0.650289
0.553217
0.491891
0.491686
0.663482
0.551939
  0.4225
0.442959
 0.52433
0.410397
0.498472
0.542409
0.474934
0.417617
0.475746
0.522446
0.556969
0.520549
0.483596
0.459475
0.541891
0.468626
0.572608
0.371756
0.599073
0.394354
0.511816
0.425924
0.451654
 0.49407
0.450824
0.420693
0.522621
0.415487
0.407727
 0.38508
0.419425
 0.55252
0.620616
0.406562
0.410793
0.405356
0.464267
0.496698
0.449127
0.467116
0.540235
0.550087
  0.5358
0.543651
0.470435
0.455847
0.369687
 0.52358
0.455427
0.496249
0.415114
0.469302
0.513405
0.482491
0.507125
0.462451
0.444536
0.530384
0.521826
0.465575
0.559511
0.525467
0.493153
0.452883
0.499363
0.507317
0.498266
0.415716
 0.53971
0.475941
0.441306
0.555273
  0.5454
0.464661
 0.48129
0.508223
0.485917
 0.43224
0.571782
0.510494
0.579064
0.586358
 0.46396
0.541457
0.520225
0.521237
0.433501
0.608888
0.438046
0.629643
0.432584
0.460143
0.557144
0.463485
0.472695
0.410388
0.470555
0.706037
0.603403
0.505168
0.554424
0.526495
0.469029
0.511877
0.466349
0.566359
0.547511
 0.57979
0.444644
0.595927
0.582209
0.507429
0.467516
0.474383
 0.41258
0.443975
0.398898
0.491226
0.467824
 0.45364
0.595523
 0.40203
0.505497
0.653141
0.375057
0.518521
0.471205
0.451677
0.506125
0.516489
0.630678
0.518791
0.571248
0.550006
0.487482
 0.34178
0.508799
0.449987
0.568777
0.500278
0.504223
0.553263
0.534929
0.450854
0.520619
0.509108
0.436715
 0.46398
0.463637
0.469743
0.564444
0.612706
0.446617
0.372114
0.323735
0.471836
0.426758
0.469034
0.494921
 0.53987
 0.50464
0.591933
0.526813
0.525595
0.457877
0.506019
0.484791
0.420054
0.631069
0.534863
0.455775
0.460988
0.413177
0.477848
0.424001
0.560404
0.546085
0.632497
0.530305
0.441997
0.409438
0.584712
0.508153
0.416761
0.403627
0.513453
 0.53177
0.499515
0.508582
0.493522
0.281251
0.333675
0.514965
0.515435
0.554383
0.681614
0.470646
0.666202
0.602299
0.474671
0.545629
0.411144
 0.47464
0.576279
0.565578
0.503176
0.567481
0.591032
0.517108
 0.65677
0.612359
0.499832
0.518112
 0.46816
0.624632
0.610409
0.420312
0.462137
0.600853
0.374853
0.462237
0.511074
0.463202
0.488723
0.572614
0.417478
0.403332
0.523154
0.604071
0.503009
0.513053
0.471864
0.364525
0.468743
0.535728
0.531589
   0.482
0.515386
0.456058
0.508163
0.526585
0.542958
0.526621
0.460034
0.502293
0.600501
0.383532
0.527259
 0.46064
0.452598
0.452848
0.626521
0.379879
0.469354
 0.43003
0.486649
 0.53014
0.463898
0.450532
0.482211
0.517697
0.533736
0.510316
0.499035
0.505135
0.464954
0.568445
0.488295
0.513398
0.592881
0.452049
0.507204
 0.56223
0.516373
0.511885
0.532359
0.651263
0.552484
0.518468
0.596007
 0.62586
0.599858
0.511458
0.472403
0.511295
0.398353
0.497384
0.574005
0.472945
0.416323
0.444487
0.572389
0.534548
0.555762
0.545954
0.456899
0.330522
 0.65246
0.417331
0.502278
0.384126
0.536978
0.476535
0.566523
0.449394
0.560523
0.561049
0.566419
0.489164
0.582449
0.540451
0.566842
0.446378
0.578275
0.429612
0.372386
0.505814
0.490807
0.542627
0.567146
0.469594
0.536315
0.630595
0.594489
0.460508
0.598363
0.501704
0.491254
0.472353
0.446171
0.642467
0.504527
0.498808
0.474859
0.491453
0.526744
0.486354
0.577093
0.487471
0.459284
0.566415
 0.54823
0.508738
0.463093
0.501459
0.360514
0.523157
0.414657
0.593352
0.525811
0.537046
0.377807
0.501136
0.558327
0.498474
   0.416
0.516439
0.518218
0.595628
0.513513
0.474179
  0.4853
0.504259
0.572493
0.503733
0.583036
0.450448
0.577963
0.705955
0.420681
0.372376
0.508058
0.504516
0.681714
0.435559
0.513816
0.433771
0.489521
0.567487
0.488394
0.514385
 0.43909
0.495349
 0.53069
0.464506
0.560944
0.567498
0.504487
0.419416
0.422612
0.600187
0.462048
0.414531
0.555803
0.424487
0.580077
0.554264
0.488803
0.512675
0.496008
0.423504
0.367142
 0.58852
0.608356
0.471492
0.454306
  0.5015
0.503063
0.532369
0.498597
0.509962
0.538518
0.481611
0.449913
 0.63244
0.573897
0.511216
0.571929
0.507234
0.573331
0.499142
0.513378
0.621775
0.506034
0.568531
0.522735
0.521219
0.529956
 0.39305
0.459087
0.569636
0.407758
0.517342
0.607791
0.522903
0.523552
 0.49363
0.503483
0.476662
0.519475
0.609058
 0.58587
0.512293
0.541336
0.527043
0.526058
 0.49893
0.505451
0.359238
0.493307
0.406434
0.438693
0.469647
0.468197
0.494908
0.552574
0.421519
0.478427
0.456334
0.458448
0.470986
0.569107
 0.55947
0.471697
0.380849
0.367913
0.461226
0.495338
0.475372
0.510064
0.449774
0.396662
0.417573
0.492558
0.468836
0.415363
0.473175
0.497215
0.514561
0.636472
0.582275
 0.45637
0.445063
0.555757
0.449564
0.453887
0.633997
0.461756
0.492084
0.506996
0.550969
0.382978
0.414296
0.285854
0.497409
0.465298
0.494289
0.541287
0.459494
0.635771
0.592066
0.513019
0.426548
0.446066
0.518664
0.409412
0.559981
0.485973
  0.5463
0.489415
0.715148
0.487041
0.474042
0.636173
0.546465
0.531937
0.468404
 0.52782
0.459261
0.424995
0.630687
0.444031
0.471258
0.418431
0.467963
0.560708
0.674421
0.630869
0.448239
 0.52725
0.499508
0.548345
0.600362
0.504167
0.508327
0.526482
0.454496
0.477042
 0.50962
0.563958
0.524279
0.555871
0.636889
0.573115
0.513524
0.578192
0.516282
0.413081
0.543822
0.430681
0.608671
0.578995
 0.50521
0.487061
0.498359
0.412085
0.405394
 0.52039
0.470685
0.550052
 0.43436
0.586815
0.548701
0.569249
0.665146
0.449786
0.514513
0.566729
0.491408
0.525309
0.434018
0.585326
0.380838
0.459668
0.428162
0.384276
0.478769
0.602079
0.516452
0.558678
0.510074
 0.45852
0.573023
0.520761
0.453449
0.482335
0.464478
0.481452
0.365184
0.636756
0.555112
0.444003
0.459312
0.510629
0.504856
0.601385
0.545224
0.577751
0.576058
0.477513
0.476184
0.601038
0.608169
0.509664
0.573746
0.389924
0.491497
0.601694
0.469353
0.377894
0.507336
0.560738
0.431559
0.491194
0.628509
0.554923
0.514644
0.560592
0.399987
0.546628
0.384159
0.479549
0.518075
0.503158
0.499431
0.457376
0.636069
0.449984
0.459421
0.582169
 0.59884
0.555085
 0.50983
0.473272
0.463205
0.563937
0.465413
0.490405
 0.54105
0.477302
0.522014
0.451248
0.534258
0.635746
0.475047
0.484171
0.455508
0.535616
0.519415
0.548205
0.559058
0.554323
0.510367
0.498393
0.522288
0.513095
 0.50363
0.652367
 0.52051
0.437398
0.526139
0.516074
0.513587
0.504589
0.544309
0.515446
0.546914
0.505306
 0.49228
0.592562
0.584989
0.525203
0.460029
0.372079
0.620882
 0.68753
0.560277
0.533324
0.484447
0.484518
 0.61256
0.635924
0.691639
0.555768
0.572937
0.511467
 0.46094
0.414176
 0.55214
0.448897
0.595921
0.545504
0.640693
0.533028
0.555644
0.446032
0.547392
0.525908
0.519897
0.440391
0.507178
 0.46473
0.484006
0.440485
0.525535
0.403624
 0.46603
0.511203
0.419557
0.596473
0.476284
0.549433
0.544953
0.502401
0.453094
0.461182
0.493075
0.493657
0.542316
0.423482
0.516962
0.408696
0.516127
0.436816
 0.36549
 0.50322
0.604128
0.497199
0.591746
0.511535
0.501797
0.502297
0.630351
0.466094
0.481703
0.427516
0.481671
0.457701
0.554701
0.509229
0.611695
0.469805
 0.58248
0.533743
0.464058
0.524063
0.471134
0.637541
0.450752
0.460105
0.501707
0.626683
0.508081
0.558509
0.507389
 0.49819
0.511668
0.489536
0.582632
 0.51247
0.385983
0.640951
0.574738
0.461793
 0.55295
0.562003
0.525827
 0.43329
  0.6412
0.512182
0.445199
 0.47563
0.483015
0.483228
0.523923
0.462671
0.598534
0.572729
0.462741
0.535396
0.464616
0.438858
0.461213
 0.45942
0.511006
0.448395
 0.46159
0.385002
0.479749
0.543498
0.527373
0.504139
 0.46728
0.460135
0.525283
0.508592
0.535282
0.488356
0.672227
0.557982
0.531735
  0.4999
0.598759
0.487148
0.487476
0.551303
0.584075
0.624663
0.451544
0.468118
0.499919
0.478571
0.554056
 0.64739
0.512082
0.461845
0.517956
0.392089
0.501205
0.436706
0.637415
0.519739
0.530531
0.523071
0.568863
0.623567
0.455428
0.417273
0.573665
 0.61207
0.548963
0.479126
0.561012
0.501274
0.455693
0.553791
0.592234
0.467531
0.551424
 0.49165
0.525853
0.448428
0.493568
0.513111
 0.49711
0.519377
0.472237
0.588846
0.498624
0.389655
0.465203
 0.37389
0.462222
0.526808
0.425419
0.517899
0.470076
0.471447
0.568367
0.554889
0.503513
0.566315
 0.38927
0.514944
0.412409
0.534976
0.496506
0.540042
0.472773
 0.52255
0.552768
0.548014
0.392041
 0.47587
0.475351
0.475791
0.541888
0.448998
0.549838
0.469731
0.503406
 0.50762
0.496683
0.522768
0.468711
0.589574
0.468101
0.483757
0.484391
0.460558
0.527426
0.495932
0.548657
0.618511
0.663906
0.375522
 0.50762
0.561879
0.458938
0.686479
0.519119
0.490214
0.527893
0.425136
0.530143
0.535329
 0.58307
0.375613
 0.53528
0.454873
0.543821
0.454527
0.554025
0.675406
 0.54983
0.420262
0.492139
0.510072
0.607301
0.485551
0.494602
0.608844
0.597582
0.487816
0.527318
0.424605
0.508237
 0.52601
 0.64489
0.426408
0.504066
0.514026
0.514556
0.577312
0.476899
0.424782
0.454411
0.495854
0.489154
0.414862
 0.65266
0.544251
0.436403
 0.45334
 0.41827
 0.47199
0.535582
0.316258
0.585924
0.627922
0.384007
0.540624
 0.52894
0.483855
0.417754
0.448522
0.474615
0.522949
0.647541
0.540875
0.550608
0.457226
0.778168
0.528927
0.488522
0.418837
0.441816
0.430756
0.518699
0.508046
0.626662
0.529368
0.537605
0.507311
0.467105
0.417163
0.462384
0.587388
0.538852
0.502768
0.410459
0.506954
0.401596
0.487003
0.653472
0.571701
0.426196
0.447947
 0.46015
0.463954
0.386859
0.562769
0.489348
 0.44233
 0.59242
0.583395
0.596443
0.551463
0.542787
0.613918
0.507097
0.337673
0.454264
0.581857
0.464551
0.558665
0.474496
0.446505
0.549221
0.477459
0.709059
0.455982
0.529531
0.554017
0.596528
0.588325
0.623058
0.726432
0.653625
0.482269
0.407265
0.548587
0.610666
0.607539
0.479781
0.428117
0.519507
0.621468
0.456094
0.597911
 0.50731
0.532388
0.504911
0.608729
0.560574
0.508069
 0.47842
0.574913
0.516272
0.575297
0.404284
0.621815
0.393353
 0.48057
0.541347
 0.45545
 0.42974
0.496682
0.447659
0.623999
0.553684
0.470599
0.409477
0.597562
0.483547
0.506625
0.475285
0.436814
0.466937
0.691114
0.516102
0.560443
0.466065
0.510592
0.518959
0.455005
0.330168
0.609162
0.428336
0.498832
0.493817
0.498985
0.566628
0.488941
0.507187
0.553281
0.433223
0.516284
 0.41637
0.603607
0.582612
0.508491
0.460671
0.542584
0.448632
0.416558
0.653451
0.377262
0.514291
0.411762
0.538548
0.491314
0.452276
0.555732
0.524169
0.515796
0.632082
0.541754
0.518253
0.512647
0.369923
0.386405
 0.47172
 0.56239
0.652852
0.558081
0.579568
 0.56723
 0.55994
0.484757
0.548963
0.484216
0.495048
0.558631
 0.40428
 0.53885
0.653131
0.487077
0.544429
0.562273
0.536069
0.588768
0.647443
0.501443
0.581593
0.553215
0.607453
 0.41585
0.539775
0.461014
0.538578
 0.50912
0.410134
0.686062
0.504349
0.499186
0.471865
0.460773
 0.54989
0.467289
0.468422
0.471779
0.519219
0.414169
0.463205
0.570154
 0.42085
 0.42526
0.473411
0.485567
 0.43802
0.455248
0.521968
0.559501
0.518083
0.507922
0.485801
0.456197
0.434295
0.500708
0.484721
0.471373
0.452656
0.512414
0.476139
0.466674
0.560173
0.592684
0.569397
0.553263
0.679908
0.509351
0.492809
0.479703
0.506363
0.501287
0.544563
0.521172
  0.4579
0.450193
0.501253
0.579611
0.500096
 0.59655
0.506246
0.622956
0.590561
0.462109
0.432072
0.432983
0.547637
0.535266
0.534338
0.371691
0.551865
0.497971
0.443036
0.466665
0.534703
 0.45602
0.454206
0.579489
0.486091
0.539883
0.515767
0.498501
0.573098
0.498672
0.457705
0.590363
0.513812
0.559561
0.432383
0.553637
0.406215
 0.36433
0.538059
0.449721
 0.55704
0.541267
0.429701
0.564892
 0.68595
 0.51908
0.429361
0.511212
0.441169
0.360951
0.576878
0.383429
0.427974
0.527963
0.535761
 0.42841
0.541752
0.450802
0.559471
0.627788
0.464302
0.475723
0.468906
0.522923
0.499703
0.489582
0.503973
 0.59933
0.492301
0.417208
 0.40833
0.424158
0.587693
0.681766
0.470433
0.443528
0.434779
0.620447
0.509483
0.503943
 0.48937
0.596716
0.493624
0.515253
0.382744
 0.46087
0.531175
0.495953
0.548148
0.463734
0.521083
0.559299
0.522467
0.550501
 0.37932
0.516079
0.383615
0.571523
0.449521
0.477312
0.503424
0.548642
0.562594
0.551565
 0.43185
0.637417
0.439998
0.539928
0.512791
0.465141
0.536862
0.598871
0.542816
0.512946
0.516135
0.527181
0.406198
0.465898
0.369788
0.433779
0.475817
0.510356
  0.5216
 0.50542
0.439672
0.488992
0.549167
0.547422
0.571767
  0.4677
0.473398
0.562247
0.463035
 0.63813
0.554007
0.394112
 0.51309
0.599635
0.551292
0.551673
0.588928
0.547921
0.565873
0.451908
0.472396
0.507066
0.476739
0.363999
0.559779
0.439849
0.452038
0.651342
0.637167
0.468833
0.499814
0.464618
0.626919
 0.63121
0.666928
0.677456
0.429558
0.525326
0.612728
0.454441
0.596303
 0.59563
0.443544
0.586324
0.457737
0.613998
0.564246
0.490484
0.538703
 0.43512
0.522111
0.412991
0.561931
0.554512
0.408022
 0.50255
0.553206
0.593318
0.490038
0.638322
0.543089
0.434142
0.507668
0.504702
0.444333
0.466757
0.405708
 0.37685
0.454669
0.619599
 0.56518
0.495035
0.520626
0.506059
 0.56814
0.373937
0.501656
0.543773
0.436591
0.570426
0.583133
0.596548
0.515174
 0.47462
0.491333
0.570137
0.578861
0.519161
0.455719
 0.61023
0.555383
 0.46822
0.502336
0.552961
0.410001
0.365453
0.496308
0.459581
0.552198
0.463509
0.474847
0.502134
0.466491
0.504449
0.519786
0.447865
0.514854
0.461187
0.502904
 0.52597
0.414636
0.442826
0.475012
 0.60258
0.412233
 0.41529
0.470917
 0.52674
0.410655
0.607811
0.572322
0.508188
0.504874
0.490098
0.598253
0.547131
 0.48439
0.449819
 0.63947
0.445339
0.545128
0.394597
0.544105
0.587945
0.591914
0.558106
0.574526
0.529437
0.555459
0.603407
0.510561
0.576648
0.495191
0.505782
0.461352
0.475396
0.466202
0.596334
0.392245
0.384631
0.646587
0.371632
0.672356
0.541244
0.464936
0.477662
0.528419
0.495427
0.431746
 0.60452
0.534607
0.453684
0.401246
0.600238
0.471006
0.431525
0.423682
 0.52611
0.647949
0.555128
0.572383
 0.62124
0.448766
0.473045
0.474835
0.670657
0.508944
0.580152
0.613392
0.436206
0.491611
0.416765
 0.50662
0.496546
0.524516
 0.46097
0.384088
0.494342
0.536794
0.535363
0.540692
0.464094
0.515076
0.625792
0.571264
0.508298
0.533651
0.470716
0.473562
 0.58844
0.701382
0.389867
 0.51227
0.560436
0.467427
 0.59991
0.612174
   0.695
0.470394
0.566301
0.585747
0.479156
0.555396
0.589372
0.576246
0.636083
0.463872
0.521871
0.465897
0.548605
0.502649
0.443212
0.507394
0.515037
0.591806
0.456466
0.509142
0.506911
0.425637
0.540115
0.504227
0.454957
0.585298
0.554563
0.323275
 0.58345
0.458145
0.461699
0.618808
0.558332
0.473861
0.697641
0.612779
0.524462
0.420894
0.596375
0.670362
 0.39376
0.447879
0.612524
0.562337
0.424068
0.441369
0.600754
0.532898
0.410667
0.602586
0.562793
0.553848
0.459063
0.476433
0.419893
0.439262
0.506013
0.545009
0.524905
0.618944
0.506565
0.481892
0.510049
0.590088
0.507974
0.507497
 0.43777
0.467799
0.551916
0.474192
 0.54457
0.473952
0.544923
0.471585
0.541425
0.528698
0.460693
0.562015
0.455704
0.486073
0.412335
0.417335
0.451052
0.446487
0.467506
0.510642
0.567719
0.480254
0.455638
0.455115
0.443167
0.513143
0.547555
0.522878
0.460315
0.575158
0.541236
0.572552
0.458071
 0.68801
0.396674
0.515281
0.426722
0.541007
0.579428
0.494361
0.419044
0.624622
0.518088
 0.34064
0.419067
0.572759
 0.58193
0.581978
0.436486
0.501584
0.438626
0.541203
0.588299
0.436342
0.444028
0.555783
0.451804
0.498486
 0.52732
 0.58226
0.409631
0.459831
0.484263
0.464487
0.582075
0.376623
 0.60304
0.613155
  0.5051
0.474035
0.496058
0.486885
0.490233
0.505362
0.555536
0.410622
0.564136
0.605542
0.527691
0.562811
0.530308
 0.55443
 0.50843
0.560348
0.652059
0.486528
 0.52844
0.464016
0.418566
0.412944
0.434715
0.577593
0.522398
0.452833
0.415539
0.531508
0.515674
0.375343
0.520106
0.472408
0.608939
0.433189
0.452237
0.473141
0.391211
0.408405
0.504274
0.542962
0.458867
0.453032
0.497899
0.541903
0.554887
0.553874
0.540516
0.421084
0.474816
0.436071
0.520635
0.518625
0.351979
0.453412
0.541614
 0.53566
0.546233
0.519955
0.501388
0.622967
0.536258
0.422916
0.480941
0.527094
0.459987
0.567207
0.604381
0.424413
0.481938
0.462318
0.512259
0.430372
0.503532
0.468179
0.414716
0.508984
0.468696
0.376574
0.462964
0.626326
0.648475
0.551024
0.624608
0.552672
0.517516
0.421672
0.533371
0.472582
0.520441
0.519477
0.464669
0.415739
0.622683
0.523482
0.561369
0.467626
0.472648
0.333084
0.409653
0.460359
 0.43167
0.556835
0.523243
0.444861
0.512408
0.544634
0.503976
0.457732
0.442233
0.559569
0.408766
0.583926
0.475335
 0.59286
0.503057
0.521811
0.563456
  0.4852
0.467094
0.406313
0.493018
0.534123
0.565802
0.504577
0.461546
0.435974
0.491232
0.485226
0.435222
  0.4178
0.590856
0.581057
0.647674
0.548158
0.519689
0.474503
0.463564
 0.46738
0.590469
0.462264
0.514525
0.464151
0.548716
0.540904
0.528638
0.612943
0.468286
0.505252
0.466733
0.583184
0.602103
0.540482
0.464249
0.598098
0.546297
0.475161
0.606897
0.476026
0.602963
0.508342
0.496846
0.453208
0.477466
0.526887
0.515793
0.514379
0.557221
0.531567
0.539853
0.466819
0.555047
0.520146
 0.50322
0.386154
0.499478
0.510743
0.458532
0.471969
 0.45605
0.430566
0.553902
0.687755
0.538742
0.609249
0.495013
0.517676
0.608896
0.431735
0.440704
0.500996
0.505728
0.463891
0.508711
0.452558
 0.46887
0.491063
0.610862
 0.56043
0.632981
0.551213
0.556986
0.482023
0.465852
0.593179
0.419359
0.481068
0.561529
0.520512
0.452772
0.488202
0.523715
0.456832
0.512339
0.522273
0.422063
0.502736
0.560579
  0.4434
 0.57722
0.471406
0.363719
0.559757
0.512297
0.448569
0.462379
0.336879
0.520919
0.577404
0.554498
 0.59914
0.413648
0.559991
0.479412
0.546895
0.652251
0.473758
0.508571
0.476356
0.592906
 0.49197
0.534222
0.517468
0.591981
0.529548
0.590566
0.527865
0.545507
 0.38392
0.446139
0.540299
0.543301
0.518965
 0.46815
0.481922
0.548916
0.424802
0.682172
0.477304
0.524675
0.378267
0.541947
0.528203
0.501704
  0.5863
0.530777
0.511137
0.453293
0.421052
0.458191
0.595363
0.453291
0.631217
0.483449
 0.56578
0.354307
0.607904
0.507585
 0.46363
0.411123
0.559749
0.459221
0.475952
0.454542
0.451618
0.371396
0.487114
0.592802
0.489976
0.372865
0.513059
0.456397
0.473874
 0.41773
 0.49707
0.630458
 0.33895
0.542027
0.543415
0.460323
0.546379
0.630445
0.469288
0.411785
 0.60488
0.554525
0.516051
 0.57822
0.373723
0.643719
0.539264
0.572767
0.370244
0.470909
 0.65849
0.524955
0.505399
0.612924
0.476131
0.501552
0.415767
0.503381
0.408362
0.525697
0.482748
0.481453
0.551324
0.467199
0.371578
0.428626
0.419948
0.548157
  0.5038
0.472968
 0.50125
0.447841
0.510418
0.428095
0.483403
0.500117
0.634324
0.415773
0.549074
0.522258
0.428591
 0.64243
0.444389
0.433106
0.509782
0.590848
 0.42262
0.614073
0.445949
0.515991
0.550326
0.462534
0.559212
0.544941
0.653726
0.531118
0.602972
0.537169
 0.57771
0.445781
0.439284
0.577659
0.449451
0.571392
0.639408
0.531865
0.468385
0.470791
0.635744
0.423801
 0.66411
0.608506
0.508664
0.398928
0.411481
0.470476
0.569175
0.424064
0.641511
0.556093
0.472797
 0.49904
0.498002
0.580944
0.474756
0.455134
0.429916
 0.39784
0.624611
0.493289
0.373393
 0.62808
0.567349
0.484581
0.607594
0.640893
0.533036
0.437947
 0.51866
0.512501
0.574295
0.576446
0.505625
0.577684
 0.65705
0.487169
0.621356
0.643724
0.514439
0.398192
0.633227
0.459026
0.437732
0.462558
 0.53095
0.475384
0.459846
 0.50642
0.473347
0.584983
0.626397
0.549335
0.439244
0.418845
0.385573
0.529848
0.454035
0.425799
 0.41251
 0.54102
0.516029
0.614408
0.450665
0.419855
 0.55702
 0.50013
0.495743
0.393123
0.319771
0.596606
0.478614
0.462071
0.515509
0.515328
0.479983
0.583583
 0.52248
0.481894
0.544984
0.647378
 0.48224
0.490918
0.451207
0.536651
0.420489
 0.42714
0.477649
0.592878
0.516635
0.477437
 0.56493
0.431552
0.502612
 0.62362
0.336009
0.604092
0.583976
0.635711
0.427232
0.460669
 0.44896
0.544538
0.466575
0.450316
0.560133
 0.44037
0.467598
0.455741
0.564619
0.459372
0.461028
0.561241
0.460393
0.510312
0.488734
0.610746
0.554747
0.599281
0.507473
0.433148
0.407863
0.523753
 0.43438
0.615254
0.527389
0.408706
0.604943
 0.51524
0.423273
0.531614
0.413511
0.726047
0.595634
0.533902
0.425685
0.426671
0.457029
 0.42903
0.522184
0.393179
0.522807
 0.53901
0.547849
0.544259
0.493081
0.549935
 0.50603
0.447024
0.470584
0.317134
0.297618
0.462664
0.452746
0.552517
0.492215
0.496844
0.570085
0.418188
0.602756
0.464475
0.579683
0.587233
0.480319
0.538114
0.471729
0.427433
0.475295
0.438355
0.582464
0.467862
0.426077
0.486529
0.458927
0.647491
0.499469
0.417576
0.752431
 0.48081
0.548698
0.402172
0.430528
0.470862
0.320926
0.448101
0.369584
0.538443
0.471138
 0.45638
0.487938
0.456036
0.460724
0.513003
 0.54616
0.443736
0.576283
0.557993
0.420782
0.524679
0.515405
0.596402
  0.4842
0.451751
0.575183
0.447949
0.577735
0.564857
0.504996
0.494685
0.431006
0.650282
0.525865
0.568526
0.472891
0.544437
0.460402
0.608932
0.457252
0.461097
0.562878
0.604745
0.426277
 0.40149
0.414882
0.562769
0.480833
0.501647
0.476754
0.565774
0.597646
0.519166
 0.63946
0.460936
0.475963
0.450303
0.467577
0.472088
0.550747
0.523511
0.554475
 0.29696
0.554191
0.455449
0.507048
0.573225
0.556046
0.525896
0.562273
0.569427
0.424252
0.535274
0.468659
0.590562
0.566155
0.497798
0.399183
0.522027
0.418348
0.555299
 0.58967
0.509764
0.560838
0.504011
0.538516
0.572288
0.550928
0.492633
0.503579
0.456868
 0.42985
0.467265
0.512465
0.632717
0.549537
0.581446
0.590835
0.546956
 0.42342
0.379738
0.382158
 0.37395
0.608883
0.410553
0.416167
0.528415
0.482109
0.522028
0.422717
0.588495
0.513959
0.493921
0.471945
0.456095
0.507144
0.326221
0.468394
0.505329
0.389094
0.454693
 0.47407
 0.49453
0.419147
0.572814
0.429515
0.583898
 0.46265
0.400351
0.547063
0.575247
0.536626
0.610465
0.412766
0.441211
0.503581
0.371056
0.536487
0.510151
0.587235
0.463601
0.560769
0.557267
0.426698
0.482728
0.587891
0.512189
0.502493
0.512935
0.509509
0.542774
0.621791
0.483242
0.612528
0.468325
0.552576
0.471083
0.550066
0.453422
0.505259
0.607731
0.513177
0.461266
0.514149
0.539889
0.504143
0.625279
0.461123
 0.51204
0.510052
0.566354
 0.54045
 0.58623
0.483847
0.391327
0.373595
0.547676
0.562655
0.499905
0.549858
0.461626
0.464086
0.563487
0.451631
0.464405
0.498478
0.520327
0.422759
0.465458
0.546128
0.451721
0.501567
0.464269
0.474075
0.507597
0.702692
0.455194
0.463897
0.623797
0.492228
0.523309
0.544349
 0.58028
0.461254
0.464447
0.548519
0.477091
0.456664
0.642694
 0.47122
0.518699
 0.53726
0.422278
0.567861
0.356951
0.528174
0.571531
0.565018
  0.3692
0.546055
0.429872
0.410548
0.492585
0.467875
 0.52361
0.403139
0.502436
0.524985
0.497717
0.538695
0.425547
0.416757
0.592666
0.395292
0.547311
0.559525
0.435286
0.448361
0.488719
0.591636
0.459925
0.466603
0.652196
0.447911
0.454249
0.453199
0.536741
0.466824
0.528542
0.511921
0.448449
0.472081
0.573722
0.534622
0.380323
0.547394
0.468053
 0.50361
0.524714
 0.50907
0.545703
0.615508
0.554808
0.580152
 0.41675
0.558084
0.557682
0.504505
0.490603
0.610093
0.490408
0.422672
0.614831
0.413162
0.470333
0.507108
0.573684
0.537955
0.528074
0.552994
0.428186
0.542762
0.427519
0.462376
0.499256
0.494192
 0.51821
0.474991
 0.47735
0.423378
0.675232
 0.41329
0.583946
0.457661
0.520712
 0.58776
0.522806
 0.46049
0.410358
0.453643
0.513633
0.386803
0.572075
  0.3617
0.424865
0.523644
0.469417
0.522408
0.426128
0.493747
0.572881
0.460976
0.417347
0.523116
0.534279
0.523865
0.492625
0.511989
0.390153
0.469587
0.548355
0.644394
0.506359
0.528435
0.573143
 0.49038
 0.54388
0.514456
0.552646
0.503277
0.523551
0.531759
0.472843
0.548848
0.509484
0.401962
0.478017
0.498545
0.554984
0.598842
0.568903
0.607078
  0.4445
0.659627
0.503973
0.575119
0.476833
0.499381
0.547952
0.483816
 0.55715
0.369581
0.639104
0.415134
0.419053
0.544634
0.505859
0.520188
0.525595
0.479465
0.418142
0.483523
0.412788
0.470513
0.401921
0.552536
0.463885
0.442862
0.419545
0.608532
0.498358
0.528241
0.327742
0.452358
0.568744
0.546813
0.515391
0.478615
0.504533
0.486476
 0.43582
0.433087
0.487596
0.431541
0.477816
0.465185
0.382624
0.467094
0.376316
0.413995
0.465334
0.501097
0.557622
0.536518
 0.47541
0.365239
0.443427
0.503029
0.409767
0.554815
0.545449
0.461345
0.543452
 0.51084
0.506262
0.564928
0.428356
0.528243
0.453391
0.421679
0.637691
0.624717
0.471675
0.464449
0.512516
0.514932
0.464069
0.451192
0.573635
0.500679
0.564861
 0.40726
0.508715
0.445578
0.523092
 0.67014
0.596541
0.489713
0.414273
0.454857
0.463392
0.541644
0.428146
0.538339
0.520952
0.552418
 0.41894
0.468545
0.591875
0.422429
0.460653
0.419686
0.516411
0.512381
 0.53631
0.489501
0.459891
0.686334
  0.5202
0.454061
0.517607
0.611422
0.508148
0.641205
0.497393
0.482213
0.392776
 0.33558
0.559273
0.408444
0.407835
0.598591
0.508491
0.522394
0.471148
0.523385
0.520157
0.416584
0.510713
0.474765
0.558438
0.538057
0.529292
0.474442
0.483587
0.502788
0.557366
0.686298
0.615972
0.508909
0.467601
0.427092
 0.51676
0.557843
0.513361
0.478877
0.418273
0.554988
0.456512
0.409346
0.526451
0.600703
0.507879
0.383823
0.620545
0.362712
0.626049
0.386014
0.401557
0.603191
0.372601
0.418732
 0.37417
0.543075
0.534983
0.459577
0.510923
0.483403
0.454546
0.583928
0.544723
0.458364
0.558022
0.541541
0.465503
0.527053
0.662076
0.511511
0.322146
0.513841
0.492718
0.461969
0.638173
0.592073
0.424157
0.556082
0.392626
0.516228
0.442742
0.461475
0.561057
0.483694
0.512478
0.617515
0.505545
0.571114
0.441061
0.404488
0.467556
0.499279
0.426674
0.416495
 0.58614
0.555901
0.436356
0.512551
0.473757
0.545262
0.448231
0.504073
0.505485
 0.49437
0.422691
0.517669
0.403764
0.465724
0.477695
0.509521
0.372188
0.454413
0.481595
0.435292
0.458999
0.574837
0.572382
0.514067
0.530869
0.557662
 0.44678
0.578254
0.640047
 0.49988
0.434133
0.513392
0.425951
0.417249
0.513692
0.469331
0.531582
0.551571
0.468125
 0.45716
0.386221
 0.53352
 0.50934
  0.4803
0.530447
0.478982
0.438739
 0.42558
0.469536
0.489036
 0.42783
0.514903
0.532044
 0.39425
0.520367
0.682827
0.564542
0.511438
0.425533
0.594874
0.626505
0.579016
0.562879
0.603124
 0.59748
0.462188
0.455674
0.514601
0.565748
0.422224
0.481551
0.481578
0.589966
0.517105
0.564676
0.567462
 0.45458
 0.66768
0.589518
0.354075
 0.52519
0.510485
0.635918
0.584552
0.590443
0.427785
0.585903
0.413567
 0.41864
0.702437
0.499076
0.509654
 0.42506
0.603581
0.432138
0.544119
0.527132
0.559598
0.497601
0.515127
0.577207
0.555088
0.465672
0.523122
0.411843
 0.58665
0.502006
0.529831
0.595958
0.464589
0.549214
0.518593
0.481639
0.416017
0.454157
0.587416
0.456906
0.428281
0.581801
0.518316
0.557265
0.509718
0.572205
0.413993
0.367877
0.480131
 0.60459
0.462332
0.542717
0.465602
0.469455
0.591962
 0.41369
0.364597
0.574662
0.362189
0.527104
0.510512
0.510672
0.497103
  0.5795
0.608296
0.582185
0.604129
0.417489
0.503889
 0.47289
0.552299
0.538141
0.541924
0.533736
0.467015
0.561246
0.414517
0.606248
0.481482
0.710394
0.448694
0.518162
0.372979
0.532897
0.639915
 0.38206
0.424991
0.432144
 0.41515
0.554738
0.558385
0.454624
0.547855
0.482692
0.544182
0.392014
0.561483
0.513075
0.495008
0.508704
0.428145
0.498796
0.480828
0.375785
0.461992
 0.42211
0.512683
0.550248
0.587191
0.593994
0.473659
0.534327
0.460752
0.468437
 0.80084
 0.45117
 0.59206
0.502699
0.539352
 0.41808
0.691521
0.469233
0.446352
0.502122
0.595098
 0.54728
0.533189
0.523142
0.711311
0.670892
0.565306
0.502772
0.655848
0.463194
0.497629
0.525678
0.427406
0.527581
0.550799
0.431043
0.555185
0.478265
0.517877
   0.557
0.501383
0.652302
0.465271
0.557742
0.503885
0.586935
0.368153
0.518319
0.465656
0.512555
0.463639
0.555145
 0.51245
 0.39599
  0.4536
0.687339
0.460143
0.474664
0.489713
0.424541
0.441053
0.410558
0.541967
0.541035
0.410208
0.552631
0.535018
0.461529
0.450014
0.571834
0.698423
0.561575
 0.47522
0.399444
0.473751
0.626208
0.430733
0.526124
0.553074
0.367895
0.614329
0.581978
0.514726
0.508532
0.455596
0.624044
0.518028
 0.46368
0.583191
 0.53751
0.549536
0.528557
0.420411
0.441526
0.635775
0.459674
0.512761
0.373044
0.446145
0.467606
0.460268
0.551704
0.623129
 0.51423
0.771505
0.529512
0.462427
0.337335
0.502357
 0.65248
0.586787
0.553696
0.460366
0.566243
0.529053
0.414833
0.517133
0.482707
0.567842
0.567733
0.449242
0.475252
 0.50934
0.369834
0.456985
0.518314
0.420764
0.451688
0.411725
0.538262
0.365909
0.509347
0.469647
0.548781
0.587898
0.546461
0.557869
0.643105
0.580636
0.380358
0.471678
0.479957
0.523424
0.429989
 0.49582
0.458899
 0.53929
0.469349
0.605886
0.466761
0.563931
0.550867
0.632382
0.460769
0.474261
0.533699
0.480222
0.632999
0.587381
 0.52853
0.487993
0.512398
0.494103
0.603313
0.545585
0.485021
0.460702
0.505077
0.498228
0.536074
0.480102
0.440755
0.496365
0.652933
0.587945
0.515806
0.578444
0.392137
0.407228
0.604006
 0.56132
0.378172
0.672062
0.385264
 0.54495
0.548424
0.459189
0.471433
0.469423
 0.47679
 0.51469
0.592039
0.569706
0.597492
0.557724
0.612821
0.467253
0.515559
0.396158
0.496413
0.592747
0.569932
0.508918
0.526559
0.513708
0.546144
0.499882
0.587919
0.326258
0.479275
0.477092
0.583152
0.617631
0.512519
0.576459
0.555845
0.541266
0.608714
0.681765
 0.42556
0.542444
0.473161
0.466689
0.481737
 0.48131
0.406416
0.583192
0.518054
0.516694
0.588594
0.515291
0.432343
 0.36255
 0.47158
0.392709
0.381608
0.575359
0.412503
0.506922
0.503841
0.644038
0.608987
0.563423
0.475356
0.426964
0.409759
0.538131
0.509543
0.462347
0.501528
0.563293
0.543837
0.513317
0.555665
0.428977
0.568634
0.430202
0.560881
0.472994
0.585869
 0.60148
0.530754
0.665519
0.494688
0.459383
0.517777
  0.6027
0.505799
0.560501
0.516145
0.603449
0.534896
0.640992
0.478987
0.475199
0.443817
0.464068