9.27879 19.4808 31.5776
9.76748 18.6826 31.8592
12.6007 19.7468 33.0964
12.3728   20.41 32.3805
12.3533 19.9156  30.843
12.7697 16.7269 30.0481
10.5313 15.8922 27.7533
8.95312 18.5177 26.4926
 5.8674 19.0704 27.5631
5.24106 18.9185 26.3926
3.14505 17.3646 26.3251
0.216812  18.9094  26.2138
-1.99725  16.9319  27.6838
-3.25758  18.8957  28.0789
-3.87285  19.6938  31.2345
-7.09585  20.2279  31.7824
-7.10084  19.3738  31.4868
-6.88476  19.2648   31.796
-5.60258  20.2631  32.0162
-2.67232  18.8804   31.327
-0.882914   20.2167   28.8804
2.29021 19.8547 29.7599
2.35242 17.1297 27.8774
 3.1147 18.6059 25.0116
 3.6001 21.8822 25.0741
4.52906 24.9216 24.1401
3.32574 27.9541 23.5663
1.96315 30.1893 21.5364
-0.604491    28.348   20.5413
-0.508583   27.9562   21.2164
0.0748149    29.241     22.42
0.694523   31.993  20.6833
0.657628  34.9878  19.4648
0.438381  35.1373  21.5919
0.179371  38.0304  23.1844
-0.336876   41.0336   24.4834
-0.629119   42.5628   27.3501
-0.65916  41.1495  29.9125
-0.964141   38.1936   28.4486
-4.01204  37.6448  27.2729
-3.76266  34.7903  28.9352
-3.59623  35.6775  30.6715
-2.10621  34.7564  31.8657
-0.81743  33.6634  32.0106
-0.0615135    33.1485    33.0129
0.919855  33.5399  32.7639
0.790278  33.6816    32.41
0.683189   33.978  32.0234
0.928685  34.1549  31.8436
1.00782 34.0845 31.7946
1.10778 34.0916 31.8363
1.19723 34.1379 31.7959
1.24459 34.1198 31.8919
1.29968 34.0651 31.9678
1.40696 34.0532 31.9792
1.50189 34.1037 31.9642
1.59484 34.1019 32.0202
 1.6841 34.0436 32.0707
1.75341 34.0969 32.0064
1.81204 34.0792  32.096
1.90162 34.0259 32.1264
1.96606 33.9595 32.0697
2.06213  33.911 32.0839
2.08793 33.9922 32.0167
2.21402 34.0902 32.0884
2.25073  33.993 32.1199
2.31804 33.8951 31.9916
2.51059 33.9334 32.0419
2.46103 34.0263 32.0686
2.38574 34.1007  32.133
2.40999 34.1946 32.0844
2.50838 34.2734 32.1563
2.52193 34.3807 32.1656
2.61285 34.3935  32.245
2.72294  34.341 32.2174
 2.6933 34.3659  32.116
2.59563 34.2959  32.099
2.58872 34.2954 32.2073
2.54788 34.4065 32.2341
2.51071 34.4504  32.123
2.49033  34.352 32.0463
2.50292 34.3028 32.1422
2.53349 34.2623 32.2382
2.64492 34.3105  32.241
2.63196 34.3469 32.1396
2.57101 34.2528 32.0934
2.56127 34.2866 32.1728
2.55322 34.3416 32.1311
2.56065 34.3075 32.1743
2.56288 34.3191 32.1315
 2.5653 34.3056 32.1643
